pre,post,count,sign
720575940604093984,720575940616463477,7,1
720575940604093984,720575940621040737,5,1
720575940604093984,720575940623201833,6,1
720575940604093984,720575940624547622,21,1
720575940604402092,720575940624547622,20,1
720575940604402092,720575940632535756,8,1
720575940604402092,720575940652390134,5,1
720575940604479590,720575940620464321,5,1
720575940604479590,720575940620715224,6,1
720575940604500448,720575940617302365,6,1
720575940604500448,720575940619101062,6,1
720575940604500448,720575940624539284,6,1
720575940604500448,720575940624547622,19,1
720575940604500448,720575940632535756,9,1
720575940604500448,720575940643696288,7,1
720575940604576689,720575940617302365,6,1
720575940604576689,720575940624539284,9,1
720575940604576689,720575940624547622,17,1
720575940604576689,720575940631177803,5,1
720575940604576689,720575940632535756,8,1
720575940604576689,720575940652390134,13,1
720575940604626912,720575940616463477,6,1
720575940604626912,720575940617302365,6,1
720575940604626912,720575940624547622,24,1
720575940604626912,720575940652390134,5,1
720575940604824236,720575940621828443,5,1
720575940604824236,720575940624547622,45,1
720575940604824236,720575940630075703,5,1
720575940604824236,720575940645304430,7,1
720575940604824236,720575940660053121,9,1
720575940604961894,720575940614392999,5,1
720575940604961894,720575940616463477,5,1
720575940604961894,720575940623201833,6,1
720575940604961894,720575940624547622,20,1
720575940604961894,720575940629422086,5,1
720575940605060798,720575940623201833,7,1
720575940605060798,720575940624547622,18,1
720575940605180849,720575940618008859,6,1
720575940605180849,720575940623201833,12,1
720575940605180849,720575940624547622,19,1
720575940605246850,720575940617302365,6,1
720575940605246850,720575940624268080,6,1
720575940605246850,720575940624539284,7,1
720575940605246850,720575940624547622,18,1
720575940605246850,720575940632535756,7,1
720575940605246850,720575940652390134,9,1
720575940605441312,720575940614595218,6,1
720575940605441312,720575940624547622,26,1
720575940605441312,720575940629981440,12,1
720575940605441312,720575940630075703,6,1
720575940605491302,720575940617302365,8,1
720575940605491302,720575940624547622,24,1
720575940605491302,720575940631177803,5,1
720575940605491302,720575940643696288,7,1
720575940605491302,720575940652390134,11,1
720575940605551038,720575940624547622,21,1
720575940605551038,720575940629422086,5,1
720575940605551038,720575940629856515,7,1
720575940605891040,720575940617302365,51,1
720575940605891040,720575940624547622,5,1
720575940605891040,720575940652390134,31,1
720575940605985202,720575940617302365,6,1
720575940605985202,720575940624547622,21,1
720575940605985202,720575940632535756,5,1
720575940605985202,720575940652390134,5,1
720575940606195657,720575940624547622,21,1
720575940606602674,720575940614392999,7,1
720575940606602674,720575940624547622,24,1
720575940606602674,720575940629422086,7,1
720575940606745289,720575940617302365,5,1
720575940606745289,720575940624539284,6,1
720575940606745289,720575940624547622,12,1
720575940606745289,720575940632535756,5,1
720575940606745289,720575940652390134,9,1
720575940606773705,720575940621828443,5,1
720575940606773705,720575940624547622,19,1
720575940606773705,720575940629856515,8,1
720575940606775654,720575940616463477,5,1
720575940606775654,720575940623201833,5,1
720575940606775654,720575940624547622,23,1
720575940606775654,720575940629422086,6,1
720575940606947970,720575940624547622,28,1
720575940606947970,720575940629422086,8,1
720575940606947970,720575940629856515,5,1
720575940607066123,720575940620464321,5,1
720575940607066123,720575940629981440,6,1
720575940607177906,720575940624547622,18,1
720575940607520451,720575940609959637,5,1
720575940607520451,720575940622979277,6,1
720575940607520451,720575940624547622,15,1
720575940607722179,720575940617302365,5,1
720575940607722179,720575940624547622,15,1
720575940607722179,720575940652390134,5,1
720575940607794443,720575940624694503,15,1
720575940607809547,720575940617302365,5,1
720575940607809547,720575940624539284,8,1
720575940607809547,720575940624547622,21,1
720575940607809547,720575940632535756,13,1
720575940607809547,720575940643696288,5,1
720575940607809547,720575940652390134,8,1
720575940607900867,720575940623201833,7,1
720575940607900867,720575940624547622,14,1
720575940607900867,720575940629856515,9,1
720575940608158677,720575940624547622,10,1
720575940608166748,720575940620464321,13,1
720575940608166748,720575940624694503,20,1
720575940608166748,720575940629981440,7,1
720575940608168028,720575940629856515,6,1
720575940608192860,720575940617302365,8,1
720575940608192860,720575940624539284,5,1
720575940608192860,720575940624547622,24,1
720575940608192860,720575940643696288,6,1
720575940608192860,720575940652390134,8,1
720575940608344331,720575940624547622,21,1
720575940608344331,720575940629422086,6,1
720575940608344331,720575940629856515,5,1
720575940608399115,720575940609959637,6,1
720575940608399115,720575940624547622,25,1
720575940608399115,720575940629422086,5,1
720575940608428555,720575940620260800,6,1
720575940608428555,720575940624547622,28,1
720575940608428555,720575940630075703,8,1
720575940608429835,720575940620464321,11,1
720575940608429835,720575940624694503,54,1
720575940608530955,720575940623201833,5,1
720575940608530955,720575940624547622,21,1
720575940608537027,720575940624547622,21,1
720575940608537027,720575940629422086,11,1
720575940608537027,720575940629856515,11,1
720575940608633045,720575940624547622,22,1
720575940608633045,720575940645304430,5,1
720575940609006200,720575940617302365,5,1
720575940609006200,720575940624539284,6,1
720575940609006200,720575940624547622,21,1
720575940609006200,720575940643696288,5,1
720575940609180611,720575940624547622,10,1
720575940609180611,720575940632535756,48,1
720575940609180611,720575940643696288,51,1
720575940609200708,720575940617302365,7,1
720575940609200708,720575940624547622,14,1
720575940609200708,720575940632535756,6,1
720575940609200708,720575940643696288,6,1
720575940609200708,720575940652390134,8,1
720575940609271854,720575940623201833,9,1
720575940609271854,720575940624547622,20,1
720575940609271854,720575940629422086,6,1
720575940609271854,720575940629856515,5,1
720575940609399506,720575940621828443,5,1
720575940609399506,720575940624547622,32,1
720575940609399506,720575940645304430,10,1
720575940609414468,720575940624185095,7,1
720575940609414468,720575940631177803,5,1
720575940609555922,720575940609959637,12,1
720575940609555922,720575940622979277,8,1
720575940609555922,720575940624547622,30,1
720575940609555922,720575940629856515,7,1
720575940609555922,720575940637902938,5,1
720575940609573842,720575940617302365,5,1
720575940609573842,720575940624185095,6,1
720575940609573842,720575940624547622,18,1
720575940609573842,720575940652390134,11,1
720575940609768290,720575940623201833,5,1
720575940609768290,720575940624547622,20,1
720575940609768290,720575940629422086,5,1
720575940609959637,720575940618008859,13,-1
720575940609959637,720575940621828443,8,-1
720575940609959637,720575940622979277,69,-1
720575940609959637,720575940623182847,9,-1
720575940609959637,720575940624547622,31,-1
720575940609959637,720575940627594568,7,-1
720575940609959637,720575940629981440,109,-1
720575940609959637,720575940630075703,7,-1
720575940609959637,720575940637902938,25,-1
720575940609959637,720575940644615716,6,-1
720575940609963248,720575940618008859,5,1
720575940609963248,720575940623201833,7,1
720575940609963248,720575940624547622,24,1
720575940609963248,720575940629422086,6,1
720575940609963248,720575940629856515,6,1
720575940610012024,720575940623377802,5,1
720575940610012024,720575940624547622,28,1
720575940610012024,720575940630075703,12,1
720575940610012024,720575940645304430,9,1
720575940610142869,720575940621828443,7,1
720575940610142869,720575940624547622,35,1
720575940610142869,720575940627594568,5,1
720575940610142869,720575940645304430,12,1
720575940610378865,720575940617302365,7,1
720575940610378865,720575940624547622,24,1
720575940610378865,720575940652390134,5,1
720575940610391854,720575940609959637,6,1
720575940610391854,720575940622979277,5,1
720575940610391854,720575940624547622,23,1
720575940610391854,720575940629856515,5,1
720575940610395438,720575940624547622,26,1
720575940610395438,720575940638774606,5,1
720575940610395438,720575940645304430,7,1
720575940610569028,720575940614392999,17,1
720575940610569028,720575940621164720,10,1
720575940610569028,720575940624547622,9,1
720575940610617317,720575940616463477,7,1
720575940610617317,720575940624547622,21,1
720575940610617317,720575940643696288,6,1
720575940610823141,720575940623201833,7,1
720575940610823141,720575940624547622,28,1
720575940610823141,720575940629422086,5,1
720575940610823141,720575940629856515,6,1
720575940610833250,720575940622878477,5,1
720575940610833250,720575940623201833,9,1
720575940610833250,720575940624547622,27,1
720575940610833250,720575940629422086,6,1
720575940610833250,720575940629856515,6,1
720575940610847842,720575940619901063,5,1
720575940610847842,720575940623377802,6,1
720575940610847842,720575940624547622,19,1
720575940610847842,720575940645304430,14,1
720575940610849742,720575940623201833,6,1
720575940610849742,720575940624547622,9,1
720575940610849742,720575940629422086,7,1
720575940610856874,720575940617302365,11,1
720575940610856874,720575940617567206,6,1
720575940610856874,720575940624539284,7,1
720575940610856874,720575940624547622,19,1
720575940610856874,720575940631177803,7,1
720575940610856874,720575940643696288,8,1
720575940610856874,720575940652390134,8,1
720575940610872418,720575940617302365,10,1
720575940610872418,720575940623145513,6,1
720575940610872418,720575940623792055,5,1
720575940610872418,720575940624185095,5,1
720575940610872418,720575940624547622,26,1
720575940610872418,720575940652390134,6,1
720575940610921642,720575940614595218,5,1
720575940610921642,720575940623377802,6,1
720575940610921642,720575940624547622,28,1
720575940610921642,720575940644615716,5,1
720575940610942066,720575940618008859,5,1
720575940610942066,720575940624547622,27,1
720575940611129698,720575940624547622,15,1
720575940611129698,720575940638163428,8,1
720575940611229297,720575940624547622,19,1
720575940611229297,720575940629422086,8,1
720575940611229297,720575940629856515,6,1
720575940611284174,720575940609959637,5,1
720575940611284174,720575940616463477,6,1
720575940611284174,720575940623201833,8,1
720575940611284174,720575940624547622,23,1
720575940611284174,720575940629856515,6,1
720575940611285454,720575940609959637,7,1
720575940611285454,720575940614595218,13,1
720575940611285454,720575940624547622,27,1
720575940611285454,720575940629981440,9,1
720575940611285454,720575940630075703,6,1
720575940611285454,720575940644615716,7,1
720575940611286990,720575940621040737,5,1
720575940611286990,720575940624547622,14,1
720575940611286990,720575940629856515,8,1
720575940611578074,720575940617302365,7,1
720575940611578074,720575940624547622,23,1
720575940611578074,720575940632535756,9,1
720575940611578074,720575940643696288,6,1
720575940611578074,720575940652390134,8,1
720575940611592154,720575940623201833,6,1
720575940611592154,720575940624185095,5,1
720575940611592154,720575940624547622,11,1
720575940611592154,720575940652390134,8,1
720575940611655288,720575940616463477,5,1
720575940611655288,720575940623201833,5,1
720575940611655288,720575940624547622,17,1
720575940611657881,720575940616463477,9,1
720575940611657881,720575940617302365,5,1
720575940611657881,720575940624547622,22,1
720575940611657881,720575940632535756,7,1
720575940611657881,720575940643696288,5,1
720575940611657881,720575940652390134,8,1
720575940611669674,720575940617302365,8,1
720575940611669674,720575940624539284,10,1
720575940611669674,720575940624547622,25,1
720575940611669674,720575940632535756,10,1
720575940611669674,720575940643696288,11,1
720575940611669674,720575940652390134,5,1
720575940611728563,720575940616463477,8,1
720575940611728563,720575940624547622,26,1
720575940611728563,720575940629422086,5,1
720575940611728563,720575940629856515,5,1
720575940611789810,720575940629856515,6,1
720575940611812835,720575940614595218,7,1
720575940611812835,720575940624547622,13,1
720575940611812835,720575940627594568,6,1
720575940611812835,720575940629981440,17,1
720575940611812835,720575940631730349,5,1
720575940611837041,720575940621828443,5,1
720575940611837041,720575940624547622,26,1
720575940611837041,720575940628757547,5,1
720575940611837041,720575940630075703,11,1
720575940611837041,720575940645304430,13,1
720575940611903601,720575940616463477,5,1
720575940611903601,720575940617302365,8,1
720575940611903601,720575940624539284,10,1
720575940611903601,720575940624547622,34,1
720575940611903601,720575940632535756,12,1
720575940611903601,720575940643696288,6,1
720575940611954801,720575940624547622,25,1
720575940611983322,720575940623201833,6,1
720575940611983322,720575940624547622,29,1
720575940611983322,720575940629422086,6,1
720575940611983322,720575940629856515,8,1
720575940612072685,720575940624547622,16,1
720575940612072685,720575940629422086,7,1
720575940612072685,720575940629856515,9,1
720575940612169709,720575940613732271,6,1
720575940612169709,720575940618630193,5,1
720575940612169709,720575940621828443,5,1
720575940612169709,720575940624547622,35,1
720575940612169709,720575940627594568,5,1
720575940612169709,720575940645304430,7,1
720575940612287283,720575940617302365,8,1
720575940612287283,720575940624547622,25,1
720575940612737233,720575940623377802,6,1
720575940612737233,720575940624547622,28,1
720575940612737233,720575940630075703,5,1
720575940612737233,720575940645304430,5,1
720575940612743958,720575940614595218,6,1
720575940612743958,720575940621828443,5,1
720575940612743958,720575940624547622,30,1
720575940612743958,720575940627594568,11,1
720575940612743958,720575940629981440,7,1
720575940612743958,720575940630075703,10,1
720575940612743958,720575940645304430,5,1
720575940612802479,720575940624185095,13,1
720575940612920999,720575940617302365,25,1
720575940612920999,720575940652390134,33,1
720575940612930710,720575940609180611,7,1
720575940612930710,720575940616463477,7,1
720575940612930710,720575940621040737,6,1
720575940612930710,720575940623201833,5,1
720575940612930710,720575940624539284,14,1
720575940612930710,720575940624547622,23,1
720575940612930710,720575940631177803,7,1
720575940612930710,720575940632535756,6,1
720575940612930710,720575940643696288,5,1
720575940612930710,720575940652390134,6,1
720575940613023911,720575940617302365,5,1
720575940613023911,720575940624539284,7,1
720575940613023911,720575940624547622,20,1
720575940613023911,720575940632535756,13,1
720575940613023911,720575940633742432,7,1
720575940613023911,720575940643696288,7,1
720575940613023911,720575940652390134,5,1
720575940613141987,720575940621040737,5,1
720575940613141987,720575940624547622,19,1
720575940613155490,720575940631177803,7,1
720575940613218344,720575940614392999,5,1
720575940613218344,720575940623201833,6,1
720575940613218344,720575940624547622,26,1
720575940613218344,720575940629422086,5,1
720575940613237758,720575940616463477,5,1
720575940613237758,720575940621040737,5,1
720575940613237758,720575940624547622,31,1
720575940613237758,720575940629422086,10,1
720575940613237758,720575940629856515,7,1
720575940613359266,720575940624547622,28,1
720575940613359266,720575940645304430,15,1
720575940613359266,720575940660053121,7,1
720575940613407981,720575940624547622,26,1
720575940613426838,720575940617302365,14,1
720575940613426838,720575940652390134,10,1
720575940613532979,720575940624539284,7,1
720575940613532979,720575940624547622,18,1
720575940613622312,720575940624547622,30,1
720575940613622312,720575940630075703,6,1
720575940613622312,720575940638774606,7,1
720575940613622312,720575940645304430,13,1
720575940613732271,720575940624547622,5,1
720575940613776179,720575940614595218,6,1
720575940613776179,720575940624547622,30,1
720575940613776179,720575940629981440,7,1
720575940614033932,720575940624547622,20,1
720575940614033932,720575940632535756,5,1
720575940614033932,720575940643696288,5,1
720575940614130482,720575940617302365,7,1
720575940614130482,720575940624185095,5,1
720575940614130482,720575940624547622,19,1
720575940614130482,720575940632535756,5,1
720575940614130482,720575940643696288,10,1
720575940614130482,720575940652390134,8,1
720575940614184204,720575940624185095,6,1
720575940614184204,720575940624539284,11,1
720575940614184204,720575940624547622,28,1
720575940614184204,720575940632535756,10,1
720575940614184204,720575940643696288,7,1
720575940614203916,720575940621828443,6,1
720575940614203916,720575940624547622,34,1
720575940614203916,720575940628757547,5,1
720575940614203916,720575940638774606,6,1
720575940614203916,720575940645304430,9,1
720575940614285254,720575940617302365,8,1
720575940614285254,720575940624539284,5,1
720575940614285254,720575940624547622,16,1
720575940614285254,720575940632535756,8,1
720575940614285254,720575940643696288,5,1
720575940614285254,720575940652390134,5,1
720575940614392999,720575940614991221,6,1
720575940614392999,720575940620464321,127,1
720575940614392999,720575940622979277,40,1
720575940614392999,720575940629981440,24,1
720575940614393250,720575940617302365,10,1
720575940614393250,720575940624547622,25,1
720575940614393250,720575940632535756,11,1
720575940614393250,720575940652390134,16,1
720575940614486322,720575940616463477,5,1
720575940614486322,720575940624547622,26,1
720575940614522043,720575940621828443,10,1
720575940614522043,720575940623377802,7,1
720575940614522043,720575940624547622,31,1
720575940614522043,720575940627594568,6,1
720575940614522043,720575940629981440,6,1
720575940614522043,720575940632541523,5,1
720575940614534367,720575940624547622,30,1
720575940614534367,720575940652390134,8,1
720575940614586418,720575940616463477,6,1
720575940614586418,720575940617302365,8,1
720575940614586418,720575940624547622,21,1
720575940614586418,720575940631177803,5,1
720575940614586418,720575940632535756,8,1
720575940614586418,720575940652390134,7,1
720575940614595218,720575940623377802,19,1
720575940614595218,720575940627549205,28,1
720575940614595218,720575940638774606,5,1
720575940614595218,720575940650386553,5,1
720575940614777247,720575940624547622,14,1
720575940614777247,720575940629422086,10,1
720575940614777247,720575940629856515,8,1
720575940614784918,720575940623201833,6,1
720575940614784918,720575940624547622,22,1
720575940614784918,720575940629422086,5,1
720575940614861941,720575940616463477,12,1
720575940614861941,720575940624539284,9,1
720575940614861941,720575940624547622,33,1
720575940614861941,720575940631177803,6,1
720575940614861941,720575940652390134,9,1
720575940614893930,720575940616463477,10,1
720575940614893930,720575940617302365,11,1
720575940614893930,720575940619101062,7,1
720575940614893930,720575940624547622,20,1
720575940614893930,720575940632535756,6,1
720575940614893930,720575940643696288,9,1
720575940614984927,720575940624547622,13,1
720575940614984927,720575940627594568,5,1
720575940614984927,720575940629981440,7,1
720575940614991221,720575940614392999,32,1
720575940614991221,720575940621164720,13,1
720575940614991221,720575940624547622,9,1
720575940615345339,720575940623201833,6,1
720575940615345339,720575940624547622,21,1
720575940615345339,720575940629422086,13,1
720575940615520086,720575940620382317,5,1
720575940615520086,720575940621828443,5,1
720575940615520086,720575940624547622,34,1
720575940615520086,720575940627594568,5,1
720575940615520086,720575940660053121,5,1
720575940615638540,720575940609180611,5,1
720575940615638540,720575940616463477,7,1
720575940615638540,720575940624547622,28,1
720575940615638540,720575940625732745,6,1
720575940615638540,720575940632535756,9,1
720575940615638540,720575940652390134,5,1
720575940615713292,720575940620715224,5,1
720575940615713292,720575940624547622,22,1
720575940615713292,720575940629856515,5,1
720575940615800076,720575940614595218,11,1
720575940615800076,720575940623377802,10,1
720575940615800076,720575940624547622,27,1
720575940615800076,720575940630075703,7,1
720575940615816498,720575940629422086,5,1
720575940615830877,720575940612586981,8,1
720575940615830877,720575940617302365,5,1
720575940615830877,720575940624547622,46,1
720575940615830877,720575940652390134,6,1
720575940615858644,720575940624547622,24,1
720575940615858644,720575940629422086,5,1
720575940615858644,720575940629856515,13,1
720575940615903121,720575940607794443,5,1
720575940615903121,720575940624547622,44,1
720575940615903121,720575940624922256,6,1
720575940615903121,720575940638774606,7,1
720575940615903121,720575940645304430,9,1
720575940615903121,720575940660053121,8,1
720575940615953202,720575940620464321,29,1
720575940615953202,720575940621226405,5,1
720575940616009729,720575940616463477,7,1
720575940616009729,720575940617302365,11,1
720575940616009729,720575940623201833,8,1
720575940616009729,720575940624185095,5,1
720575940616009729,720575940624539284,6,1
720575940616009729,720575940624547622,28,1
720575940616009729,720575940631177803,8,1
720575940616009729,720575940643696288,9,1
720575940616009729,720575940652390134,10,1
720575940616023225,720575940617302365,8,1
720575940616023225,720575940624547622,23,1
720575940616187649,720575940617302365,10,1
720575940616187649,720575940624185095,5,1
720575940616187649,720575940624539284,5,1
720575940616187649,720575940624547622,18,1
720575940616187649,720575940631177803,5,1
720575940616187649,720575940632535756,8,1
720575940616229410,720575940621040737,5,1
720575940616229410,720575940624547622,23,1
720575940616270453,720575940617302365,6,1
720575940616270453,720575940624185095,5,1
720575940616270453,720575940624547622,23,1
720575940616295069,720575940624547622,19,1
720575940616295069,720575940629422086,5,1
720575940616295069,720575940629856515,6,1
720575940616343611,720575940623201833,9,1
720575940616343611,720575940624547622,34,1
720575940616347916,720575940621828443,7,1
720575940616347916,720575940623377802,5,1
720575940616347916,720575940624547622,27,1
720575940616347916,720575940645304430,7,1
720575940616347916,720575940647147908,5,1
720575940616398303,720575940621040737,6,-1
720575940616398303,720575940635838655,5,-1
720575940616398303,720575940638548021,5,-1
720575940616463477,720575940620464321,5,1
720575940616463477,720575940624547622,168,1
720575940616463477,720575940631177803,81,1
720575940616474395,720575940617302365,10,1
720575940616474395,720575940624547622,21,1
720575940616474395,720575940632535756,10,1
720575940616474395,720575940643696288,7,1
720575940616474395,720575940652390134,7,1
720575940616490326,720575940617302365,8,1
720575940616490326,720575940624539284,9,1
720575940616490326,720575940624547622,24,1
720575940616490326,720575940643696288,5,1
720575940616490326,720575940652390134,10,1
720575940616588374,720575940616463477,8,1
720575940616588374,720575940617302365,6,1
720575940616588374,720575940624539284,9,1
720575940616588374,720575940624547622,27,1
720575940616588374,720575940629356599,5,1
720575940616588374,720575940632535756,8,1
720575940616588374,720575940643696288,5,1
720575940616588374,720575940652390134,7,1
720575940616589142,720575940624547622,25,1
720575940616707421,720575940624547622,14,1
720575940616750363,720575940617302365,11,1
720575940616750363,720575940624547622,36,1
720575940616750363,720575940625991524,5,1
720575940616750363,720575940652390134,6,1
720575940616882757,720575940617302365,47,1
720575940616882757,720575940652390134,37,1
720575940616902630,720575940624547622,21,1
720575940616902630,720575940629856515,11,1
720575940616986769,720575940620464321,8,1
720575940616986769,720575940620715224,6,1
720575940616986769,720575940621164720,12,1
720575940617010900,720575940621828443,6,1
720575940617010900,720575940623377802,7,1
720575940617010900,720575940624547622,16,1
720575940617010900,720575940645304430,11,1
720575940617201501,720575940609959637,7,1
720575940617201501,720575940624547622,11,1
720575940617225083,720575940624547622,20,1
720575940617225083,720575940632535756,9,1
720575940617293396,720575940616463477,6,1
720575940617293396,720575940624539284,10,1
720575940617293396,720575940624547622,24,1
720575940617293396,720575940632535756,12,1
720575940617293396,720575940643696288,10,1
720575940617293396,720575940652390134,5,1
720575940617302365,720575940605891040,9,-1
720575940617302365,720575940616882757,6,-1
720575940617302365,720575940619101062,13,-1
720575940617302365,720575940624547622,18,-1
720575940617302365,720575940652390134,55,-1
720575940617317305,720575940623201833,7,1
720575940617317305,720575940624547622,27,1
720575940617317305,720575940629856515,10,1
720575940617370324,720575940624547622,28,1
720575940617370324,720575940643696288,8,1
720575940617370324,720575940652390134,5,1
720575940617376980,720575940621828443,6,1
720575940617376980,720575940623377802,11,1
720575940617376980,720575940624547622,30,1
720575940617376980,720575940630075703,5,1
720575940617376980,720575940645304430,8,1
720575940617466395,720575940620464321,12,1
720575940617466395,720575940624694503,13,1
720575940617466395,720575940629981440,9,1
720575940617567206,720575940611129698,5,1
720575940617567206,720575940624539284,29,1
720575940617567206,720575940631177803,46,1
720575940617567206,720575940633406745,15,1
720575940617567206,720575940643311501,21,1
720575940617567206,720575940647147908,6,1
720575940617692962,720575940624547622,18,1
720575940617692962,720575940629422086,5,1
720575940617692962,720575940629856515,5,1
720575940617771421,720575940624547622,21,1
720575940617771421,720575940628549379,8,1
720575940617771421,720575940630075703,6,1
720575940617771421,720575940645304430,10,1
720575940617874205,720575940616463477,10,1
720575940617874205,720575940617302365,9,1
720575940617874205,720575940624547622,35,1
720575940617874205,720575940632535756,5,1
720575940617874205,720575940643696288,5,1
720575940617874205,720575940647147908,6,1
720575940617874205,720575940652390134,5,1
720575940617931547,720575940609959637,6,1
720575940617931547,720575940622979277,6,1
720575940617931547,720575940624547622,20,1
720575940617931547,720575940629422086,6,1
720575940618008859,720575940609959637,13,-1
720575940618008859,720575940614392999,15,-1
720575940618008859,720575940620464321,247,-1
720575940618008859,720575940621040737,9,-1
720575940618008859,720575940621828443,5,-1
720575940618008859,720575940622979277,78,-1
720575940618008859,720575940623201833,13,-1
720575940618008859,720575940624547622,103,-1
720575940618008859,720575940627594568,9,-1
720575940618008859,720575940629190615,12,-1
720575940618008859,720575940629379415,12,-1
720575940618008859,720575940629422086,10,-1
720575940618008859,720575940629856515,5,-1
720575940618008859,720575940629981440,47,-1
720575940618008859,720575940631177803,12,-1
720575940618008859,720575940631184439,7,-1
720575940618008859,720575940638163428,6,-1
720575940618008859,720575940643863496,8,-1
720575940618036765,720575940621828443,6,1
720575940618036765,720575940624547622,25,1
720575940618036765,720575940630075703,12,1
720575940618036765,720575940645304430,9,1
720575940618158160,720575940616463477,9,1
720575940618158160,720575940617302365,7,1
720575940618158160,720575940624539284,5,1
720575940618158160,720575940624547622,20,1
720575940618158160,720575940643696288,8,1
720575940618277681,720575940614595218,6,1
720575940618277681,720575940619244248,5,1
720575940618277681,720575940620260800,5,1
720575940618277681,720575940621828443,5,1
720575940618277681,720575940624547622,25,1
720575940618277681,720575940627594568,10,1
720575940618277681,720575940629981440,17,1
720575940618277681,720575940630075703,9,1
720575940618277681,720575940631730349,5,1
720575940618425246,720575940624547622,21,1
720575940618492224,720575940623377802,7,1
720575940618492224,720575940624547622,15,1
720575940618492224,720575940625608329,5,1
720575940618492224,720575940630075703,6,1
720575940618492224,720575940645304430,11,1
720575940618529044,720575940617302365,10,1
720575940618529044,720575940624539284,11,1
720575940618529044,720575940624547622,26,1
720575940618529044,720575940632535756,5,1
720575940618529044,720575940643696288,5,1
720575940618529044,720575940652390134,11,1
720575940618630193,720575940608429835,5,1
720575940618630193,720575940621828443,8,1
720575940618630193,720575940624547622,34,1
720575940618630193,720575940627045642,5,1
720575940618630193,720575940627594568,5,1
720575940618630193,720575940630075703,8,1
720575940618630193,720575940638774606,8,1
720575940618630193,720575940645304430,12,1
720575940618630193,720575940660053121,7,1
720575940618714351,720575940617302365,7,1
720575940618714351,720575940623201833,7,1
720575940618714351,720575940624539284,5,1
720575940618714351,720575940624547622,21,1
720575940618714351,720575940632535756,7,1
720575940618714351,720575940643696288,6,1
720575940618714351,720575940652390134,10,1
720575940618731934,720575940609959637,6,1
720575940618731934,720575940618008859,5,1
720575940618731934,720575940624547622,14,1
720575940618731934,720575940629422086,5,1
720575940618775943,720575940629422086,10,1
720575940618775943,720575940629856515,5,1
720575940618830459,720575940609959637,7,1
720575940618830459,720575940624547622,27,1
720575940618830459,720575940629422086,5,1
720575940618830459,720575940629856515,10,1
720575940618842929,720575940621040737,5,1
720575940618842929,720575940625991524,5,1
720575940618869406,720575940617302365,6,1
720575940618869406,720575940624539284,15,1
720575940618869406,720575940624547622,15,1
720575940618869406,720575940625485181,5,1
720575940618869406,720575940632535756,9,1
720575940618869406,720575940643696288,7,1
720575940618875819,720575940618630193,5,1
720575940618875819,720575940624547622,43,1
720575940618875819,720575940630075703,10,1
720575940618875819,720575940638774606,5,1
720575940618875819,720575940645304430,14,1
720575940618875819,720575940660053121,7,1
720575940618903931,720575940617931547,5,1
720575940618903931,720575940622979277,9,1
720575940618903931,720575940624547622,22,1
720575940618903931,720575940629856515,5,1
720575940618924965,720575940623201833,7,1
720575940618924965,720575940624547622,26,1
720575940618924965,720575940629856515,6,1
720575940619101062,720575940617302365,41,1
720575940619101062,720575940652390134,44,1
720575940619105190,720575940616463477,10,1
720575940619105190,720575940617302365,5,1
720575940619105190,720575940624547622,20,1
720575940619105190,720575940643696288,5,1
720575940619105190,720575940652390134,5,1
720575940619112102,720575940623201833,8,1
720575940619112102,720575940624547622,18,1
720575940619112102,720575940629422086,9,1
720575940619146837,720575940614595218,5,1
720575940619146837,720575940621828443,6,1
720575940619146837,720575940623377802,6,1
720575940619146837,720575940624547622,24,1
720575940619146837,720575940630075703,6,1
720575940619152110,720575940623201833,6,1
720575940619152110,720575940624547622,24,1
720575940619152110,720575940629422086,6,1
720575940619152110,720575940629856515,5,1
720575940619155182,720575940609959637,7,1
720575940619155182,720575940624547622,17,1
720575940619155182,720575940629422086,5,1
720575940619197899,720575940617302365,12,1
720575940619197899,720575940624539284,11,1
720575940619197899,720575940624547622,20,1
720575940619197899,720575940631177803,6,1
720575940619197899,720575940652390134,9,1
720575940619205229,720575940623377802,5,1
720575940619205229,720575940624547622,29,1
720575940619205229,720575940627594568,6,1
720575940619205229,720575940630075703,5,1
720575940619205229,720575940645304430,15,1
720575940619229037,720575940609959637,5,1
720575940619229037,720575940622979277,10,1
720575940619229037,720575940623201833,6,1
720575940619229037,720575940624547622,15,1
720575940619229037,720575940629422086,5,1
720575940619229761,720575940616463477,6,1
720575940619229761,720575940624547622,33,1
720575940619229761,720575940632535756,7,1
720575940619229761,720575940643696288,9,1
720575940619229761,720575940652390134,7,1
720575940619244248,720575940620464321,9,1
720575940619244248,720575940624694503,5,1
720575940619244248,720575940629981440,30,1
720575940619250785,720575940616463477,11,1
720575940619250785,720575940617302365,6,1
720575940619250785,720575940624539284,6,1
720575940619250785,720575940624547622,15,1
720575940619250785,720575940632535756,10,1
720575940619250785,720575940643696288,7,1
720575940619250785,720575940652390134,9,1
720575940619259886,720575940609959637,8,1
720575940619259886,720575940616463477,8,1
720575940619259886,720575940618008859,5,1
720575940619259886,720575940624547622,17,1
720575940619259886,720575940629422086,8,1
720575940619274456,720575940624547622,43,1
720575940619274456,720575940638774606,6,1
720575940619274456,720575940645304430,11,1
720575940619274456,720575940647147908,6,1
720575940619299054,720575940614392999,14,1
720575940619299054,720575940620464321,6,1
720575940619299054,720575940621164720,14,1
720575940619353766,720575940617302365,6,1
720575940619353766,720575940623201833,6,1
720575940619353766,720575940624185095,8,1
720575940619353766,720575940624539284,8,1
720575940619353766,720575940624547622,20,1
720575940619353766,720575940631177803,5,1
720575940619353766,720575940632535756,7,1
720575940619353766,720575940652390134,6,1
720575940619354417,720575940624547622,35,1
720575940619354417,720575940645304430,9,1
720575940619355185,720575940624547622,23,1
720575940619355185,720575940630075703,5,1
720575940619357275,720575940617302365,7,1
720575940619357275,720575940623201833,5,1
720575940619357275,720575940624539284,6,1
720575940619357275,720575940624547622,16,1
720575940619357275,720575940631177803,5,1
720575940619357275,720575940632535756,7,1
720575940619357275,720575940652390134,9,1
720575940619382833,720575940616229410,5,1
720575940619382833,720575940624539284,8,1
720575940619382833,720575940624547622,20,1
720575940619475376,720575940624547622,18,1
720575940619475376,720575940629422086,6,1
720575940619475376,720575940643863496,5,1
720575940619743680,720575940624547622,21,1
720575940619743680,720575940629856515,7,1
720575940619777520,720575940624547622,30,1
720575940619777520,720575940629422086,8,1
720575940619777520,720575940629856515,7,1
720575940619777520,720575940630075703,5,1
720575940619893419,720575940638163428,6,1
720575940619899527,720575940609959637,5,1
720575940619899527,720575940624547622,23,1
720575940619901063,720575940621828443,5,1
720575940619901063,720575940624547622,29,1
720575940619901063,720575940627594568,5,1
720575940619901063,720575940630075703,11,1
720575940619901063,720575940645304430,17,1
720575940619942320,720575940617302365,8,1
720575940619942320,720575940623145513,6,1
720575940619942320,720575940624547622,45,1
720575940619942320,720575940625991524,5,1
720575940619942320,720575940652390134,6,1
720575940619965684,720575940624539284,6,1
720575940619965684,720575940624547622,25,1
720575940619965684,720575940643696288,5,1
720575940619985140,720575940616463477,7,1
720575940619985140,720575940617302365,5,1
720575940619985140,720575940624539284,7,1
720575940619985140,720575940624547622,23,1
720575940619985140,720575940643696288,7,1
720575940619985140,720575940647147908,6,1
720575940620054277,720575940616463477,5,1
720575940620054277,720575940617302365,6,1
720575940620054277,720575940624547622,29,1
720575940620054277,720575940643696288,7,1
720575940620054277,720575940652390134,8,1
720575940620058350,720575940616463477,11,1
720575940620058350,720575940617302365,7,1
720575940620058350,720575940621312033,6,1
720575940620058350,720575940623201833,5,1
720575940620058350,720575940624539284,7,1
720575940620058350,720575940624547622,27,1
720575940620058350,720575940632535756,8,1
720575940620058350,720575940643696288,6,1
720575940620200709,720575940622979277,7,1
720575940620200709,720575940624547622,16,1
720575940620260800,720575940629981440,20,1
720575940620273344,720575940617302365,7,1
720575940620273344,720575940623201833,8,1
720575940620273344,720575940624539284,5,1
720575940620273344,720575940624547622,20,1
720575940620273344,720575940632535756,10,1
720575940620273344,720575940643696288,7,1
720575940620273344,720575940652390134,5,1
720575940620305499,720575940623201833,7,1
720575940620305499,720575940624547622,19,1
720575940620305499,720575940629856515,9,1
720575940620326336,720575940624547622,38,1
720575940620326336,720575940627594568,5,1
720575940620326336,720575940630075703,9,1
720575940620347329,720575940609959637,5,1
720575940620347329,720575940622979277,15,1
720575940620347329,720575940624547622,15,1
720575940620347329,720575940637902938,7,1
720575940620352646,720575940629422086,5,1
720575940620352646,720575940629856515,9,1
720575940620382317,720575940621828443,6,1
720575940620382317,720575940624547622,32,1
720575940620382317,720575940645304430,6,1
720575940620429317,720575940624547622,37,1
720575940620429317,720575940627594568,6,1
720575940620429317,720575940630075703,6,1
720575940620429317,720575940638774606,5,1
720575940620429317,720575940645304430,10,1
720575940620429317,720575940660053121,6,1
720575940620464321,720575940615953202,153,-1
720575940620464321,720575940617466395,11,-1
720575940620464321,720575940619244248,5,-1
720575940620464321,720575940620585710,6,-1
720575940620464321,720575940621164720,16,-1
720575940620464321,720575940621504794,6,-1
720575940620464321,720575940624658215,8,-1
720575940620464321,720575940624694503,36,-1
720575940620544182,720575940616463477,7,1
720575940620544182,720575940617302365,7,1
720575940620544182,720575940624539284,10,1
720575940620544182,720575940624547622,16,1
720575940620544182,720575940628863036,5,1
720575940620544182,720575940632535756,13,1
720575940620544182,720575940643696288,13,1
720575940620585710,720575940620464321,21,1
720575940620585710,720575940624694503,32,1
720575940620589677,720575940617302365,6,1
720575940620589677,720575940624547622,29,1
720575940620589677,720575940631177803,5,1
720575940620589677,720575940632535756,5,1
720575940620589677,720575940643696288,10,1
720575940620589677,720575940652390134,10,1
720575940620715224,720575940620464321,28,1
720575940620715224,720575940621617286,5,1
720575940620715224,720575940622979277,13,1
720575940620715224,720575940624547622,10,1
720575940620715224,720575940629981440,32,1
720575940620715224,720575940643863496,25,1
720575940620767709,720575940624547622,25,1
720575940620767709,720575940652390134,6,1
720575940620774977,720575940621828443,5,1
720575940620774977,720575940624547622,21,1
720575940620774977,720575940628549379,5,1
720575940620774977,720575940630075703,5,1
720575940620774977,720575940645304430,8,1
720575940620948340,720575940623377802,5,1
720575940620948340,720575940624547622,23,1
720575940620948340,720575940630075703,6,1
720575940620948340,720575940645304430,11,1
720575940621040737,720575940618008859,17,1
720575940621040737,720575940623201833,277,1
720575940621040737,720575940623750325,5,1
720575940621040737,720575940624547622,113,1
720575940621040737,720575940624629223,9,1
720575940621040737,720575940627680516,5,1
720575940621040737,720575940628094663,6,1
720575940621040737,720575940637902938,15,1
720575940621072816,720575940609959637,5,1
720575940621072816,720575940622979277,16,1
720575940621072816,720575940624547622,15,1
720575940621072816,720575940629422086,13,1
720575940621072816,720575940629856515,12,1
720575940621072816,720575940637902938,5,1
720575940621094093,720575940624547622,19,1
720575940621122164,720575940624547622,18,1
720575940621122164,720575940632535756,5,1
720575940621136519,720575940617302365,31,1
720575940621136519,720575940652390134,32,1
720575940621164720,720575940616398303,5,1
720575940621164720,720575940618008859,182,1
720575940621164720,720575940620464321,19,1
720575940621164720,720575940623750325,10,1
720575940621164720,720575940624659943,16,1
720575940621164720,720575940643309197,27,1
720575940621166256,720575940629422086,5,1
720575940621166256,720575940629856515,7,1
720575940621226405,720575940616463477,5,1
720575940621226405,720575940624547622,14,1
720575940621236406,720575940617302365,6,1
720575940621236406,720575940624185095,5,1
720575940621236406,720575940624547622,24,1
720575940621236406,720575940631177803,5,1
720575940621245124,720575940622979277,13,1
720575940621312033,720575940616463477,8,1
720575940621312033,720575940624547622,26,1
720575940621397253,720575940624547622,10,1
720575940621397253,720575940624694503,5,1
720575940621434145,720575940631177803,5,1
720575940621504794,720575940620464321,10,1
720575940621504794,720575940624694503,8,1
720575940621504794,720575940629981440,6,1
720575940621527337,720575940609959637,5,1
720575940621527337,720575940622979277,5,1
720575940621527337,720575940624547622,26,1
720575940621549592,720575940609180611,5,1
720575940621549592,720575940616463477,11,1
720575940621549592,720575940617302365,6,1
720575940621549592,720575940617567206,5,1
720575940621549592,720575940624185095,5,1
720575940621549592,720575940624539284,7,1
720575940621549592,720575940624547622,23,1
720575940621549592,720575940631177803,7,1
720575940621549592,720575940632535756,12,1
720575940621549592,720575940643696288,6,1
720575940621617286,720575940614392999,5,1
720575940621617286,720575940620464321,9,1
720575940621617286,720575940620715224,11,1
720575940621617286,720575940624694503,9,1
720575940621646728,720575940624547622,29,1
720575940621646728,720575940627988474,5,1
720575940621720959,720575940617302365,5,1
720575940621720959,720575940624547622,22,1
720575940621720959,720575940628557527,5,1
720575940621741971,720575940624539284,8,1
720575940621741971,720575940624547622,19,1
720575940621741971,720575940632535756,11,1
720575940621741971,720575940643696288,9,1
720575940621741971,720575940652390134,8,1
720575940621763475,720575940624547622,29,1
720575940621763475,720575940630075703,7,1
720575940621763475,720575940638774606,5,1
720575940621763475,720575940645304430,11,1
720575940621784298,720575940621040737,5,1
720575940621784298,720575940624547622,30,1
720575940621784298,720575940629422086,5,1
720575940621796390,720575940622979277,9,1
720575940621796390,720575940624547622,20,1
720575940621807300,720575940623201833,8,1
720575940621807300,720575940624547622,12,1
720575940621807300,720575940629856515,6,1
720575940621825630,720575940617302365,6,1
720575940621825630,720575940652390134,6,1
720575940621828443,720575940614392999,14,1
720575940621828443,720575940615953202,5,1
720575940621828443,720575940618008859,25,1
720575940621828443,720575940624547622,17,1
720575940621828443,720575940627594568,16,1
720575940621828443,720575940629529722,8,1
720575940621828443,720575940630767959,18,1
720575940621828443,720575940631177803,37,1
720575940621828443,720575940632118343,9,1
720575940621828443,720575940633209647,7,1
720575940621828443,720575940635082347,13,1
720575940621828443,720575940635841143,7,1
720575940621828443,720575940637902938,7,1
720575940621828443,720575940642142861,5,1
720575940621828443,720575940643863496,14,1
720575940621828443,720575940644615716,6,1
720575940621828443,720575940645304430,7,1
720575940621880541,720575940621040737,5,1
720575940621880541,720575940623201833,6,1
720575940621880541,720575940624547622,34,1
720575940621880541,720575940629422086,11,1
720575940621880541,720575940629856515,5,1
720575940621880609,720575940618008859,6,1
720575940621880609,720575940624547622,13,1
720575940621880609,720575940629422086,8,1
720575940621912346,720575940623201833,11,1
720575940621912346,720575940624547622,23,1
720575940621912346,720575940629856515,5,1
720575940621945855,720575940629856515,7,1
720575940621957267,720575940624547622,23,1
720575940621957267,720575940629422086,5,1
720575940622022583,720575940622979277,5,1
720575940622022583,720575940624547622,22,1
720575940622022583,720575940629422086,6,1
720575940622054340,720575940616463477,6,1
720575940622054340,720575940617302365,8,1
720575940622054340,720575940623201833,7,1
720575940622054340,720575940624539284,9,1
720575940622054340,720575940624547622,27,1
720575940622054340,720575940631177803,9,1
720575940622054340,720575940632535756,9,1
720575940622054340,720575940652390134,7,1
720575940622107869,720575940629856515,5,1
720575940622210892,720575940624539284,5,1
720575940622210892,720575940624547622,35,1
720575940622210892,720575940652390134,8,1
720575940622263832,720575940624547622,34,1
720575940622263832,720575940630075703,5,1
720575940622263832,720575940645304430,10,1
720575940622387981,720575940621164720,6,1
720575940622557022,720575940618008859,5,1
720575940622557022,720575940623201833,10,1
720575940622557022,720575940624547622,23,1
720575940622557022,720575940629422086,8,1
720575940622559669,720575940617302365,10,1
720575940622559669,720575940624185095,5,1
720575940622559669,720575940624539284,7,1
720575940622559669,720575940624547622,22,1
720575940622559669,720575940632535756,8,1
720575940622559669,720575940643696288,7,1
720575940622559669,720575940652390134,11,1
720575940622628104,720575940616463477,5,1
720575940622628104,720575940617302365,7,1
720575940622628104,720575940624547622,27,1
720575940622628104,720575940652390134,6,1
720575940622776013,720575940624547622,24,1
720575940622822378,720575940623201833,6,1
720575940622822378,720575940624547622,19,1
720575940622838797,720575940621828443,8,1
720575940622838797,720575940624547622,21,1
720575940622838797,720575940630075703,8,1
720575940622838797,720575940645304430,5,1
720575940622861960,720575940616463477,5,1
720575940622861960,720575940617302365,5,1
720575940622861960,720575940624547622,27,1
720575940622861960,720575940627519748,5,1
720575940622865907,720575940616463477,9,1
720575940622865907,720575940617302365,5,1
720575940622865907,720575940624547622,19,1
720575940622865907,720575940643696288,7,1
720575940622865907,720575940652390134,6,1
720575940622878477,720575940623201833,5,1
720575940622878477,720575940624547622,25,1
720575940622920328,720575940621828443,8,1
720575940622920328,720575940623377802,5,1
720575940622920328,720575940624547622,27,1
720575940622920328,720575940627594568,5,1
720575940622920328,720575940630075703,7,1
720575940622920328,720575940637114334,5,1
720575940622920328,720575940645304430,7,1
720575940622949069,720575940623201833,7,1
720575940622949069,720575940624547622,26,1
720575940622949069,720575940629422086,9,1
720575940622949069,720575940629856515,8,1
720575940622979277,720575940629981440,10,1
720575940622979277,720575940644615716,8,1
720575940622996941,720575940624694503,20,1
720575940622998920,720575940624547622,18,1
720575940623004429,720575940609959637,5,1
720575940623004429,720575940618008859,9,1
720575940623004429,720575940623201833,7,1
720575940623004429,720575940624547622,25,1
720575940623004429,720575940629422086,12,1
720575940623004429,720575940629856515,7,1
720575940623036903,720575940624547622,23,1
720575940623036903,720575940632535756,8,1
720575940623036903,720575940643696288,7,1
720575940623036903,720575940652390134,7,1
720575940623041772,720575940618008859,8,1
720575940623041772,720575940624547622,23,1
720575940623041772,720575940629856515,6,1
720575940623067114,720575940621828443,5,1
720575940623067114,720575940624547622,24,1
720575940623067114,720575940629422086,6,1
720575940623067114,720575940629856515,5,1
720575940623067114,720575940630075703,8,1
720575940623099943,720575940624539284,6,1
720575940623099943,720575940624547622,22,1
720575940623099943,720575940652390134,6,1
720575940623116585,720575940623201833,6,1
720575940623116585,720575940624547622,17,1
720575940623116585,720575940629422086,6,1
720575940623116585,720575940629856515,7,1
720575940623145513,720575940617302365,6,1
720575940623145513,720575940624547622,31,1
720575940623145513,720575940652390134,7,1
720575940623171268,720575940613426838,5,1
720575940623171268,720575940617302365,12,1
720575940623171268,720575940624547622,22,1
720575940623171268,720575940632535756,8,1
720575940623171268,720575940643696288,12,1
720575940623171268,720575940652390134,9,1
720575940623182847,720575940609959637,10,1
720575940623182847,720575940615953202,13,1
720575940623182847,720575940621226405,22,1
720575940623182847,720575940622384227,5,1
720575940623182847,720575940625898633,5,1
720575940623182847,720575940628094663,5,1
720575940623182847,720575940633573783,6,1
720575940623182847,720575940643543200,7,1
720575940623201023,720575940624185095,14,1
720575940623201023,720575940624547622,5,1
720575940623201023,720575940631177803,28,1
720575940623201833,720575940614392999,137,-1
720575940623201833,720575940616463477,6,-1
720575940623201833,720575940617302365,37,-1
720575940623201833,720575940618008859,18,-1
720575940623201833,720575940619101062,6,-1
720575940623201833,720575940621040737,102,-1
720575940623201833,720575940624185095,7,-1
720575940623201833,720575940624539284,12,-1
720575940623201833,720575940624547622,267,-1
720575940623201833,720575940631177803,19,-1
720575940623201833,720575940632535756,37,-1
720575940623201833,720575940643696288,27,-1
720575940623201833,720575940643863496,7,-1
720575940623201833,720575940652390134,34,-1
720575940623331475,720575940617302365,10,1
720575940623331475,720575940617567206,5,1
720575940623331475,720575940623201833,7,1
720575940623331475,720575940624539284,8,1
720575940623331475,720575940624547622,23,1
720575940623331475,720575940632535756,7,1
720575940623331475,720575940643696288,7,1
720575940623331475,720575940652390134,9,1
720575940623377802,720575940614595218,26,1
720575940623377802,720575940624547622,8,1
720575940623377802,720575940627549205,29,1
720575940623377802,720575940638774606,13,1
720575940623377802,720575940650386553,16,1
720575940623386762,720575940623201833,6,1
720575940623386762,720575940624547622,22,1
720575940623386762,720575940629856515,7,1
720575940623396093,720575940616463477,7,1
720575940623396093,720575940624547622,24,1
720575940623396093,720575940629422086,9,1
720575940623396093,720575940629856515,5,1
720575940623419389,720575940624539284,7,1
720575940623419389,720575940624547622,12,1
720575940623419389,720575940632535756,7,1
720575940623419389,720575940652390134,6,1
720575940623430365,720575940609959637,5,1
720575940623430365,720575940622979277,6,1
720575940623430365,720575940624547622,15,1
720575940623430365,720575940627594568,5,1
720575940623430365,720575940629422086,7,1
720575940623443859,720575940617567206,6,1
720575940623443859,720575940621040737,5,1
720575940623443859,720575940624547622,35,1
720575940623443859,720575940628427369,7,1
720575940623443859,720575940652390134,6,1
720575940623456915,720575940624694503,8,1
720575940623456915,720575940629981440,17,1
720575940623533645,720575940624547622,25,1
720575940623533645,720575940652390134,7,1
720575940623696647,720575940620464321,5,1
720575940623696647,720575940629981440,29,1
720575940623707656,720575940623201833,7,1
720575940623707656,720575940624547622,15,1
720575940623707656,720575940629856515,6,1
720575940623738807,720575940617302365,11,1
720575940623738807,720575940624547622,20,1
720575940623738807,720575940631177803,5,1
720575940623738807,720575940652390134,9,1
720575940623750325,720575940621040737,6,-1
720575940623750325,720575940643863496,6,-1
720575940623767991,720575940622979277,5,1
720575940623767991,720575940624547622,17,1
720575940623767991,720575940629422086,7,1
720575940623767991,720575940637902938,6,1
720575940623786421,720575940617302365,6,1
720575940623786421,720575940624547622,28,1
720575940623786421,720575940643696288,6,1
720575940623792055,720575940623443859,5,1
720575940623792055,720575940625991524,5,1
720575940623792055,720575940638163428,14,1
720575940623859127,720575940622979277,6,1
720575940623859127,720575940624547622,23,1
720575940623859127,720575940629422086,5,1
720575940623859127,720575940629856515,6,1
720575940623943316,720575940617302365,13,1
720575940623943316,720575940624539284,8,1
720575940623943316,720575940624547622,22,1
720575940623943316,720575940632535756,12,1
720575940623943316,720575940643696288,6,1
720575940623943316,720575940652390134,8,1
720575940624049661,720575940623201833,8,1
720575940624049661,720575940624547622,24,1
720575940624049661,720575940629422086,7,1
720575940624049661,720575940630075703,6,1
720575940624185095,720575940609414468,7,-1
720575940624185095,720575940612802479,5,-1
720575940624185095,720575940617302365,17,-1
720575940624185095,720575940621226405,10,-1
720575940624185095,720575940623201833,10,-1
720575940624185095,720575940624547622,18,-1
720575940624185095,720575940626420045,6,-1
720575940624185095,720575940631177803,21,-1
720575940624185095,720575940631636035,6,-1
720575940624185095,720575940632535756,33,-1
720575940624185095,720575940633406745,6,-1
720575940624185095,720575940633688476,9,-1
720575940624185095,720575940643311501,6,-1
720575940624185095,720575940643696288,29,-1
720575940624185095,720575940652390134,26,-1
720575940624224526,720575940616463477,6,1
720575940624224526,720575940624547622,18,1
720575940624224526,720575940629856515,8,1
720575940624250160,720575940616463477,6,1
720575940624250160,720575940623201833,7,1
720575940624250160,720575940624547622,29,1
720575940624250160,720575940629856515,6,1
720575940624250160,720575940630075703,5,1
720575940624268080,720575940605246850,5,1
720575940624268080,720575940617302365,6,1
720575940624268080,720575940624185095,6,1
720575940624268080,720575940624539284,10,1
720575940624268080,720575940624547622,24,1
720575940624268080,720575940643696288,9,1
720575940624268080,720575940652390134,7,1
720575940624280979,720575940624547622,21,1
720575940624280979,720575940629422086,6,1
720575940624419820,720575940624547622,20,1
720575940624473444,720575940616463477,8,1
720575940624473444,720575940623201833,6,1
720575940624473444,720575940624547622,36,1
720575940624473444,720575940629422086,7,1
720575940624473444,720575940629856515,13,1
720575940624526266,720575940616463477,5,1
720575940624526266,720575940617302365,7,1
720575940624526266,720575940624539284,5,1
720575940624526266,720575940624547622,18,1
720575940624526266,720575940632535756,6,1
720575940624526266,720575940643696288,9,1
720575940624526266,720575940647147908,5,1
720575940624526266,720575940652390134,6,1
720575940624539284,720575940611129698,5,1
720575940624539284,720575940617567206,25,1
720575940624539284,720575940624547622,14,1
720575940624539284,720575940647147908,16,1
720575940624547622,720575940604093984,18,-1
720575940624547622,720575940604402092,23,-1
720575940624547622,720575940604500448,17,-1
720575940624547622,720575940604576689,22,-1
720575940624547622,720575940604626912,18,-1
720575940624547622,720575940604824236,31,-1
720575940624547622,720575940604961894,24,-1
720575940624547622,720575940605060798,17,-1
720575940624547622,720575940605180849,14,-1
720575940624547622,720575940605246850,26,-1
720575940624547622,720575940605441312,15,-1
720575940624547622,720575940605491302,25,-1
720575940624547622,720575940605551038,20,-1
720575940624547622,720575940605891040,11,-1
720575940624547622,720575940605985202,23,-1
720575940624547622,720575940606195657,21,-1
720575940624547622,720575940606602674,21,-1
720575940624547622,720575940606745289,27,-1
720575940624547622,720575940606773705,21,-1
720575940624547622,720575940606775654,26,-1
720575940624547622,720575940606947970,21,-1
720575940624547622,720575940607177906,17,-1
720575940624547622,720575940607520451,15,-1
720575940624547622,720575940607722179,12,-1
720575940624547622,720575940607794443,7,-1
720575940624547622,720575940607809547,22,-1
720575940624547622,720575940607900867,10,-1
720575940624547622,720575940608158677,9,-1
720575940624547622,720575940608166748,5,-1
720575940624547622,720575940608192860,24,-1
720575940624547622,720575940608344331,12,-1
720575940624547622,720575940608399115,20,-1
720575940624547622,720575940608428555,19,-1
720575940624547622,720575940608530955,10,-1
720575940624547622,720575940608537027,16,-1
720575940624547622,720575940608633045,25,-1
720575940624547622,720575940609006200,12,-1
720575940624547622,720575940609180611,8,-1
720575940624547622,720575940609200708,26,-1
720575940624547622,720575940609271854,20,-1
720575940624547622,720575940609399506,32,-1
720575940624547622,720575940609414468,5,-1
720575940624547622,720575940609555922,19,-1
720575940624547622,720575940609573842,23,-1
720575940624547622,720575940609768290,17,-1
720575940624547622,720575940609959637,39,-1
720575940624547622,720575940609963248,18,-1
720575940624547622,720575940610012024,27,-1
720575940624547622,720575940610142869,23,-1
720575940624547622,720575940610378865,6,-1
720575940624547622,720575940610391854,11,-1
720575940624547622,720575940610395438,28,-1
720575940624547622,720575940610617317,18,-1
720575940624547622,720575940610823141,19,-1
720575940624547622,720575940610833250,17,-1
720575940624547622,720575940610847842,34,-1
720575940624547622,720575940610849742,21,-1
720575940624547622,720575940610856874,20,-1
720575940624547622,720575940610872418,22,-1
720575940624547622,720575940610921642,22,-1
720575940624547622,720575940610942066,18,-1
720575940624547622,720575940611129698,14,-1
720575940624547622,720575940611229297,19,-1
720575940624547622,720575940611284174,16,-1
720575940624547622,720575940611285454,28,-1
720575940624547622,720575940611286990,17,-1
720575940624547622,720575940611578074,26,-1
720575940624547622,720575940611592154,22,-1
720575940624547622,720575940611655288,13,-1
720575940624547622,720575940611657881,23,-1
720575940624547622,720575940611669674,19,-1
720575940624547622,720575940611728563,9,-1
720575940624547622,720575940611812835,19,-1
720575940624547622,720575940611837041,37,-1
720575940624547622,720575940611903601,24,-1
720575940624547622,720575940611954801,9,-1
720575940624547622,720575940611983322,20,-1
720575940624547622,720575940612072685,18,-1
720575940624547622,720575940612169709,16,-1
720575940624547622,720575940612287283,13,-1
720575940624547622,720575940612737233,39,-1
720575940624547622,720575940612743958,28,-1
720575940624547622,720575940612802479,6,-1
720575940624547622,720575940612930710,24,-1
720575940624547622,720575940613023911,20,-1
720575940624547622,720575940613141987,19,-1
720575940624547622,720575940613218344,23,-1
720575940624547622,720575940613237758,31,-1
720575940624547622,720575940613359266,31,-1
720575940624547622,720575940613407981,17,-1
720575940624547622,720575940613532979,13,-1
720575940624547622,720575940613622312,28,-1
720575940624547622,720575940613732271,7,-1
720575940624547622,720575940613776179,26,-1
720575940624547622,720575940614033932,21,-1
720575940624547622,720575940614130482,23,-1
720575940624547622,720575940614184204,21,-1
720575940624547622,720575940614203916,29,-1
720575940624547622,720575940614285254,14,-1
720575940624547622,720575940614392999,6,-1
720575940624547622,720575940614393250,16,-1
720575940624547622,720575940614486322,17,-1
720575940624547622,720575940614522043,27,-1
720575940624547622,720575940614534367,17,-1
720575940624547622,720575940614586418,26,-1
720575940624547622,720575940614595218,8,-1
720575940624547622,720575940614777247,15,-1
720575940624547622,720575940614784918,19,-1
720575940624547622,720575940614861941,24,-1
720575940624547622,720575940614893930,22,-1
720575940624547622,720575940614984927,23,-1
720575940624547622,720575940615345339,11,-1
720575940624547622,720575940615520086,24,-1
720575940624547622,720575940615638540,19,-1
720575940624547622,720575940615713292,13,-1
720575940624547622,720575940615800076,16,-1
720575940624547622,720575940615830877,25,-1
720575940624547622,720575940615858644,18,-1
720575940624547622,720575940615903121,30,-1
720575940624547622,720575940616009729,24,-1
720575940624547622,720575940616023225,14,-1
720575940624547622,720575940616187649,23,-1
720575940624547622,720575940616229410,18,-1
720575940624547622,720575940616270453,8,-1
720575940624547622,720575940616295069,15,-1
720575940624547622,720575940616343611,18,-1
720575940624547622,720575940616347916,25,-1
720575940624547622,720575940616463477,317,-1
720575940624547622,720575940616474395,23,-1
720575940624547622,720575940616490326,23,-1
720575940624547622,720575940616588374,21,-1
720575940624547622,720575940616589142,15,-1
720575940624547622,720575940616707421,14,-1
720575940624547622,720575940616750363,34,-1
720575940624547622,720575940616902630,20,-1
720575940624547622,720575940617010900,25,-1
720575940624547622,720575940617201501,11,-1
720575940624547622,720575940617225083,21,-1
720575940624547622,720575940617293396,17,-1
720575940624547622,720575940617302365,80,-1
720575940624547622,720575940617317305,21,-1
720575940624547622,720575940617370324,13,-1
720575940624547622,720575940617376980,24,-1
720575940624547622,720575940617567206,20,-1
720575940624547622,720575940617692962,33,-1
720575940624547622,720575940617771421,25,-1
720575940624547622,720575940617874205,15,-1
720575940624547622,720575940617931547,25,-1
720575940624547622,720575940618008859,54,-1
720575940624547622,720575940618036765,24,-1
720575940624547622,720575940618158160,22,-1
720575940624547622,720575940618277681,22,-1
720575940624547622,720575940618425246,12,-1
720575940624547622,720575940618492224,23,-1
720575940624547622,720575940618529044,27,-1
720575940624547622,720575940618630193,33,-1
720575940624547622,720575940618714351,33,-1
720575940624547622,720575940618731934,17,-1
720575940624547622,720575940618830459,23,-1
720575940624547622,720575940618869406,24,-1
720575940624547622,720575940618875819,32,-1
720575940624547622,720575940618903931,11,-1
720575940624547622,720575940618924965,25,-1
720575940624547622,720575940619105190,17,-1
720575940624547622,720575940619112102,18,-1
720575940624547622,720575940619146837,26,-1
720575940624547622,720575940619152110,19,-1
720575940624547622,720575940619155182,14,-1
720575940624547622,720575940619197899,30,-1
720575940624547622,720575940619205229,26,-1
720575940624547622,720575940619229037,14,-1
720575940624547622,720575940619229761,23,-1
720575940624547622,720575940619250785,24,-1
720575940624547622,720575940619259886,14,-1
720575940624547622,720575940619274456,28,-1
720575940624547622,720575940619353766,18,-1
720575940624547622,720575940619354417,35,-1
720575940624547622,720575940619355185,20,-1
720575940624547622,720575940619357275,21,-1
720575940624547622,720575940619382833,12,-1
720575940624547622,720575940619475376,17,-1
720575940624547622,720575940619743680,15,-1
720575940624547622,720575940619777520,20,-1
720575940624547622,720575940619893419,5,-1
720575940624547622,720575940619899527,21,-1
720575940624547622,720575940619901063,30,-1
720575940624547622,720575940619942320,30,-1
720575940624547622,720575940619965684,15,-1
720575940624547622,720575940619985140,15,-1
720575940624547622,720575940620054277,14,-1
720575940624547622,720575940620058350,19,-1
720575940624547622,720575940620200709,19,-1
720575940624547622,720575940620273344,28,-1
720575940624547622,720575940620305499,18,-1
720575940624547622,720575940620326336,23,-1
720575940624547622,720575940620347329,6,-1
720575940624547622,720575940620382317,27,-1
720575940624547622,720575940620429317,22,-1
720575940624547622,720575940620544182,25,-1
720575940624547622,720575940620589677,15,-1
720575940624547622,720575940620715224,8,-1
720575940624547622,720575940620767709,10,-1
720575940624547622,720575940620774977,23,-1
720575940624547622,720575940620948340,32,-1
720575940624547622,720575940621040737,49,-1
720575940624547622,720575940621072816,8,-1
720575940624547622,720575940621094093,22,-1
720575940624547622,720575940621122164,10,-1
720575940624547622,720575940621226405,5,-1
720575940624547622,720575940621236406,17,-1
720575940624547622,720575940621312033,23,-1
720575940624547622,720575940621527337,17,-1
720575940624547622,720575940621549592,22,-1
720575940624547622,720575940621646728,11,-1
720575940624547622,720575940621720959,14,-1
720575940624547622,720575940621741971,29,-1
720575940624547622,720575940621763475,22,-1
720575940624547622,720575940621784298,11,-1
720575940624547622,720575940621796390,16,-1
720575940624547622,720575940621807300,19,-1
720575940624547622,720575940621828443,17,-1
720575940624547622,720575940621880541,19,-1
720575940624547622,720575940621880609,24,-1
720575940624547622,720575940621912346,18,-1
720575940624547622,720575940621957267,10,-1
720575940624547622,720575940622022583,33,-1
720575940624547622,720575940622054340,27,-1
720575940624547622,720575940622210892,15,-1
720575940624547622,720575940622263832,32,-1
720575940624547622,720575940622557022,20,-1
720575940624547622,720575940622559669,26,-1
720575940624547622,720575940622628104,26,-1
720575940624547622,720575940622776013,18,-1
720575940624547622,720575940622822378,20,-1
720575940624547622,720575940622838797,19,-1
720575940624547622,720575940622861960,15,-1
720575940624547622,720575940622865907,16,-1
720575940624547622,720575940622878477,22,-1
720575940624547622,720575940622920328,28,-1
720575940624547622,720575940622949069,13,-1
720575940624547622,720575940622998920,15,-1
720575940624547622,720575940623004429,23,-1
720575940624547622,720575940623036903,13,-1
720575940624547622,720575940623041772,20,-1
720575940624547622,720575940623067114,17,-1
720575940624547622,720575940623099943,16,-1
720575940624547622,720575940623116585,19,-1
720575940624547622,720575940623145513,31,-1
720575940624547622,720575940623171268,22,-1
720575940624547622,720575940623201023,9,-1
720575940624547622,720575940623201833,107,-1
720575940624547622,720575940623331475,28,-1
720575940624547622,720575940623377802,13,-1
720575940624547622,720575940623386762,14,-1
720575940624547622,720575940623396093,25,-1
720575940624547622,720575940623419389,28,-1
720575940624547622,720575940623430365,21,-1
720575940624547622,720575940623443859,32,-1
720575940624547622,720575940623533645,14,-1
720575940624547622,720575940623696647,5,-1
720575940624547622,720575940623707656,11,-1
720575940624547622,720575940623738807,22,-1
720575940624547622,720575940623767991,23,-1
720575940624547622,720575940623786421,21,-1
720575940624547622,720575940623859127,13,-1
720575940624547622,720575940623943316,27,-1
720575940624547622,720575940624049661,26,-1
720575940624547622,720575940624185095,10,-1
720575940624547622,720575940624224526,21,-1
720575940624547622,720575940624250160,17,-1
720575940624547622,720575940624268080,18,-1
720575940624547622,720575940624280979,17,-1
720575940624547622,720575940624419820,12,-1
720575940624547622,720575940624473444,23,-1
720575940624547622,720575940624526266,19,-1
720575940624547622,720575940624539284,33,-1
720575940624547622,720575940624549694,24,-1
720575940624547622,720575940624570917,17,-1
720575940624547622,720575940624570957,28,-1
720575940624547622,720575940624586900,20,-1
720575940624547622,720575940624629223,8,-1
720575940624547622,720575940624694503,5,-1
720575940624547622,720575940624699981,30,-1
720575940624547622,720575940624704551,13,-1
720575940624547622,720575940624709925,19,-1
720575940624547622,720575940624738232,21,-1
720575940624547622,720575940624740878,22,-1
720575940624547622,720575940624749258,29,-1
720575940624547622,720575940624773182,25,-1
720575940624547622,720575940624773646,17,-1
720575940624547622,720575940624776206,32,-1
720575940624547622,720575940624894308,20,-1
720575940624547622,720575940624922256,39,-1
720575940624547622,720575940624935182,27,-1
720575940624547622,720575940624941838,20,-1
720575940624547622,720575940624945666,30,-1
720575940624547622,720575940624975760,12,-1
720575940624547622,720575940625175845,28,-1
720575940624547622,720575940625346023,28,-1
720575940624547622,720575940625404197,27,-1
720575940624547622,720575940625422090,22,-1
720575940624547622,720575940625430302,26,-1
720575940624547622,720575940625455134,24,-1
720575940624547622,720575940625485181,24,-1
720575940624547622,720575940625486948,14,-1
720575940624547622,720575940625490788,16,-1
720575940624547622,720575940625508733,13,-1
720575940624547622,720575940625513616,25,-1
720575940624547622,720575940625514621,23,-1
720575940624547622,720575940625516436,20,-1
720575940624547622,720575940625525912,37,-1
720575940624547622,720575940625605257,19,-1
720575940624547622,720575940625608329,12,-1
720575940624547622,720575940625662778,17,-1
720575940624547622,720575940625732745,19,-1
720575940624547622,720575940625763601,17,-1
720575940624547622,720575940625781029,17,-1
720575940624547622,720575940625793317,12,-1
720575940624547622,720575940625957800,15,-1
720575940624547622,720575940625991524,30,-1
720575940624547622,720575940626022074,43,-1
720575940624547622,720575940626087780,25,-1
720575940624547622,720575940626144680,24,-1
720575940624547622,720575940626158692,36,-1
720575940624547622,720575940626201512,28,-1
720575940624547622,720575940626250568,12,-1
720575940624547622,720575940626265084,14,-1
720575940624547622,720575940626286878,32,-1
720575940624547622,720575940626287644,25,-1
720575940624547622,720575940626316974,24,-1
720575940624547622,720575940626404776,24,-1
720575940624547622,720575940626460420,12,-1
720575940624547622,720575940626506472,8,-1
720575940624547622,720575940626540042,25,-1
720575940624547622,720575940626653273,27,-1
720575940624547622,720575940626679385,19,-1
720575940624547622,720575940626689176,24,-1
720575940624547622,720575940626721874,26,-1
720575940624547622,720575940626941205,22,-1
720575940624547622,720575940626946033,22,-1
720575940624547622,720575940626949909,25,-1
720575940624547622,720575940626965002,25,-1
720575940624547622,720575940627045642,25,-1
720575940624547622,720575940627198799,27,-1
720575940624547622,720575940627211307,23,-1
720575940624547622,720575940627226923,13,-1
720575940624547622,720575940627229007,15,-1
720575940624547622,720575940627282408,20,-1
720575940624547622,720575940627309329,29,-1
720575940624547622,720575940627343377,24,-1
720575940624547622,720575940627372284,21,-1
720575940624547622,720575940627519748,10,-1
720575940624547622,720575940627549205,9,-1
720575940624547622,720575940627583217,9,-1
720575940624547622,720575940627594568,67,-1
720575940624547622,720575940627626695,27,-1
720575940624547622,720575940627680516,6,-1
720575940624547622,720575940627804136,15,-1
720575940624547622,720575940627834856,25,-1
720575940624547622,720575940627912464,26,-1
720575940624547622,720575940627915280,18,-1
720575940624547622,720575940627935996,25,-1
720575940624547622,720575940627954375,10,-1
720575940624547622,720575940627988474,14,-1
720575940624547622,720575940628084224,16,-1
720575940624547622,720575940628107249,22,-1
720575940624547622,720575940628107776,22,-1
720575940624547622,720575940628137969,19,-1
720575940624547622,720575940628155395,29,-1
720575940624547622,720575940628219692,16,-1
720575940624547622,720575940628239110,23,-1
720575940624547622,720575940628265039,27,-1
720575940624547622,720575940628411002,33,-1
720575940624547622,720575940628432834,24,-1
720575940624547622,720575940628526735,5,-1
720575940624547622,720575940628549379,5,-1
720575940624547622,720575940628557527,20,-1
720575940624547622,720575940628593884,25,-1
720575940624547622,720575940628684588,18,-1
720575940624547622,720575940628697872,16,-1
720575940624547622,720575940628732471,13,-1
720575940624547622,720575940628755023,13,-1
720575940624547622,720575940628757547,5,-1
720575940624547622,720575940628766467,31,-1
720575940624547622,720575940628808186,17,-1
720575940624547622,720575940628844187,23,-1
720575940624547622,720575940628863036,26,-1
720575940624547622,720575940628920987,19,-1
720575940624547622,720575940628937590,20,-1
720575940624547622,720575940629067351,24,-1
720575940624547622,720575940629074540,16,-1
720575940624547622,720575940629127936,18,-1
720575940624547622,720575940629261143,21,-1
720575940624547622,720575940629261159,24,-1
720575940624547622,720575940629292844,18,-1
720575940624547622,720575940629296684,23,-1
720575940624547622,720575940629356599,22,-1
720575940624547622,720575940629388026,19,-1
720575940624547622,720575940629422086,14,-1
720575940624547622,720575940629438825,18,-1
720575940624547622,720575940629445758,18,-1
720575940624547622,720575940629456146,15,-1
720575940624547622,720575940629535738,14,-1
720575940624547622,720575940629631870,26,-1
720575940624547622,720575940629717034,21,-1
720575940624547622,720575940629723690,34,-1
720575940624547622,720575940629724354,26,-1
720575940624547622,720575940629765451,18,-1
720575940624547622,720575940629803264,17,-1
720575940624547622,720575940629856515,10,-1
720575940624547622,720575940629871146,33,-1
720575940624547622,720575940629911084,11,-1
720575940624547622,720575940629916972,23,-1
720575940624547622,720575940629952374,20,-1
720575940624547622,720575940629960192,7,-1
720575940624547622,720575940630060539,15,-1
720575940624547622,720575940630075703,25,-1
720575940624547622,720575940630170967,23,-1
720575940624547622,720575940630188887,16,-1
720575940624547622,720575940630371641,20,-1
720575940624547622,720575940630403855,18,-1
720575940624547622,720575940630452495,22,-1
720575940624547622,720575940630465398,6,-1
720575940624547622,720575940630469647,19,-1
720575940624547622,720575940630519035,13,-1
720575940624547622,720575940630533650,13,-1
720575940624547622,720575940630620812,17,-1
720575940624547622,720575940630652663,22,-1
720575940624547622,720575940630715410,20,-1
720575940624547622,720575940630789071,21,-1
720575940624547622,720575940630792399,19,-1
720575940624547622,720575940630823239,11,-1
720575940624547622,720575940630848740,22,-1
720575940624547622,720575940630961464,14,-1
720575940624547622,720575940630999327,17,-1
720575940624547622,720575940631017124,32,-1
720575940624547622,720575940631027148,28,-1
720575940624547622,720575940631034955,15,-1
720575940624547622,720575940631036687,21,-1
720575940624547622,720575940631117586,9,-1
720575940624547622,720575940631177803,14,-1
720575940624547622,720575940631292202,17,-1
720575940624547622,720575940631295018,18,-1
720575940624547622,720575940631360429,21,-1
720575940624547622,720575940631587897,14,-1
720575940624547622,720575940631636035,9,-1
720575940624547622,720575940631687332,25,-1
720575940624547622,720575940631687844,25,-1
720575940624547622,720575940631701807,19,-1
720575940624547622,720575940631741613,23,-1
720575940624547622,720575940631791672,13,-1
720575940624547622,720575940631840568,12,-1
720575940624547622,720575940631964620,36,-1
720575940624547622,720575940632123695,16,-1
720575940624547622,720575940632179364,21,-1
720575940624547622,720575940632195887,14,-1
720575940624547622,720575940632271780,17,-1
720575940624547622,720575940632529439,17,-1
720575940624547622,720575940632530207,22,-1
720575940624547622,720575940632535756,13,-1
720575940624547622,720575940632541523,6,-1
720575940624547622,720575940632592429,31,-1
720575940624547622,720575940632651932,8,-1
720575940624547622,720575940632872365,6,-1
720575940624547622,720575940632904043,24,-1
720575940624547622,720575940632925409,12,-1
720575940624547622,720575940632946272,22,-1
720575940624547622,720575940633002040,18,-1
720575940624547622,720575940633271191,24,-1
720575940624547622,720575940633323415,21,-1
720575940624547622,720575940633406745,5,-1
720575940624547622,720575940633596826,17,-1
720575940624547622,720575940633732448,24,-1
720575940624547622,720575940633742432,22,-1
720575940624547622,720575940633755828,24,-1
720575940624547622,720575940633763832,16,-1
720575940624547622,720575940634131356,14,-1
720575940624547622,720575940634163552,30,-1
720575940624547622,720575940634384224,19,-1
720575940624547622,720575940634916088,22,-1
720575940624547622,720575940634992735,22,-1
720575940624547622,720575940635370096,13,-1
720575940624547622,720575940635415664,20,-1
720575940624547622,720575940635425460,21,-1
720575940624547622,720575940635471608,29,-1
720575940624547622,720575940635538807,19,-1
720575940624547622,720575940635651735,18,-1
720575940624547622,720575940636023438,17,-1
720575940624547622,720575940636171639,22,-1
720575940624547622,720575940636230746,20,-1
720575940624547622,720575940636302711,33,-1
720575940624547622,720575940636323982,14,-1
720575940624547622,720575940636381541,21,-1
720575940624547622,720575940636490894,14,-1
720575940624547622,720575940636510015,19,-1
720575940624547622,720575940636528959,22,-1
720575940624547622,720575940636547561,27,-1
720575940624547622,720575940636698798,18,-1
720575940624547622,720575940637124422,27,-1
720575940624547622,720575940637169636,13,-1
720575940624547622,720575940637255221,23,-1
720575940624547622,720575940637256245,18,-1
720575940624547622,720575940637412841,40,-1
720575940624547622,720575940637446453,13,-1
720575940624547622,720575940637509173,16,-1
720575940624547622,720575940637535797,32,-1
720575940624547622,720575940637618254,32,-1
720575940624547622,720575940637769088,18,-1
720575940624547622,720575940637788019,13,-1
720575940624547622,720575940637869284,15,-1
720575940624547622,720575940637902938,18,-1
720575940624547622,720575940637965028,15,-1
720575940624547622,720575940638195773,16,-1
720575940624547622,720575940638208627,22,-1
720575940624547622,720575940638270080,19,-1
720575940624547622,720575940638436405,19,-1
720575940624547622,720575940638447677,11,-1
720575940624547622,720575940638469190,14,-1
720575940624547622,720575940638691200,15,-1
720575940624547622,720575940638774606,8,-1
720575940624547622,720575940638878416,19,-1
720575940624547622,720575940638962851,21,-1
720575940624547622,720575940638963363,27,-1
720575940624547622,720575940639053776,12,-1
720575940624547622,720575940639058109,17,-1
720575940624547622,720575940639126069,7,-1
720575940624547622,720575940639126325,21,-1
720575940624547622,720575940639127861,21,-1
720575940624547622,720575940639267406,23,-1
720575940624547622,720575940640340725,25,-1
720575940624547622,720575940640856795,23,-1
720575940624547622,720575940640877965,15,-1
720575940624547622,720575940641015285,24,-1
720575940624547622,720575940641062901,5,-1
720575940624547622,720575940641743501,16,-1
720575940624547622,720575940642631387,5,-1
720575940624547622,720575940642663368,29,-1
720575940624547622,720575940643128356,21,-1
720575940624547622,720575940643380759,22,-1
720575940624547622,720575940643406615,23,-1
720575940624547622,720575940643466094,25,-1
720575940624547622,720575940643696288,11,-1
720575940624547622,720575940643741384,12,-1
720575940624547622,720575940643863496,17,-1
720575940624547622,720575940643977508,17,-1
720575940624547622,720575940644587630,22,-1
720575940624547622,720575940644598819,25,-1
720575940624547622,720575940644677411,10,-1
720575940624547622,720575940644742048,29,-1
720575940624547622,720575940644974644,29,-1
720575940624547622,720575940645277294,22,-1
720575940624547622,720575940645304430,21,-1
720575940624547622,720575940645334126,13,-1
720575940624547622,720575940645385524,19,-1
720575940624547622,720575940645544068,23,-1
720575940624547622,720575940645714211,19,-1
720575940624547622,720575940645714723,32,-1
720575940624547622,720575940645993348,23,-1
720575940624547622,720575940646346548,18,-1
720575940624547622,720575940646354211,15,-1
720575940624547622,720575940646604932,20,-1
720575940624547622,720575940647147908,39,-1
720575940624547622,720575940647214724,20,-1
720575940624547622,720575940649024633,12,-1
720575940624547622,720575940649658745,8,-1
720575940624547622,720575940649691769,17,-1
720575940624547622,720575940650386553,5,-1
720575940624547622,720575940650786294,23,-1
720575940624547622,720575940652035830,28,-1
720575940624547622,720575940652390134,80,-1
720575940624547622,720575940652403446,18,-1
720575940624547622,720575940653313953,27,-1
720575940624547622,720575940659392385,18,-1
720575940624547622,720575940660053121,20,-1
720575940624549694,720575940617302365,7,1
720575940624549694,720575940624547622,23,1
720575940624549694,720575940652390134,7,1
720575940624570917,720575940621040737,6,1
720575940624570917,720575940623201833,5,1
720575940624570917,720575940624547622,15,1
720575940624570917,720575940629856515,9,1
720575940624570957,720575940616463477,6,1
720575940624570957,720575940617302365,6,1
720575940624570957,720575940624539284,9,1
720575940624570957,720575940624547622,20,1
720575940624570957,720575940643696288,6,1
720575940624570957,720575940652390134,6,1
720575940624586900,720575940624185095,5,1
720575940624586900,720575940624547622,26,1
720575940624586900,720575940631177803,5,1
720575940624586900,720575940643696288,8,1
720575940624586900,720575940652390134,10,1
720575940624629223,720575940620715224,6,1
720575940624658215,720575940620464321,15,1
720575940624658215,720575940624694503,25,1
720575940624659943,720575940627594568,5,-1
720575940624659943,720575940635838655,6,-1
720575940624659943,720575940643863496,28,-1
720575940624687850,720575940621164720,8,1
720575940624687850,720575940629422086,5,1
720575940624687850,720575940629856515,10,1
720575940624694503,720575940607794443,7,-1
720575940624694503,720575940608166748,6,-1
720575940624694503,720575940608429835,8,-1
720575940624694503,720575940617466395,5,-1
720575940624694503,720575940620464321,32,-1
720575940624694503,720575940621828443,8,-1
720575940624694503,720575940624658215,6,-1
720575940624694503,720575940627954375,5,-1
720575940624694503,720575940629422086,62,-1
720575940624694503,720575940629856515,59,-1
720575940624694503,720575940630075703,8,-1
720575940624694503,720575940633816857,8,-1
720575940624694503,720575940634551959,6,-1
720575940624694503,720575940645304430,7,-1
720575940624696810,720575940627549205,5,1
720575940624696810,720575940644615716,5,1
720575940624696810,720575940647147908,13,1
720575940624699981,720575940623201833,6,1
720575940624699981,720575940624547622,33,1
720575940624699981,720575940629422086,9,1
720575940624699981,720575940629856515,7,1
720575940624704551,720575940618008859,9,1
720575940624704551,720575940624547622,15,1
720575940624704551,720575940629422086,7,1
720575940624709925,720575940623201833,7,1
720575940624709925,720575940624547622,23,1
720575940624709925,720575940629856515,8,1
720575940624738232,720575940616463477,5,1
720575940624738232,720575940618008859,6,1
720575940624738232,720575940623201833,9,1
720575940624738232,720575940624547622,27,1
720575940624738232,720575940629856515,6,1
720575940624740878,720575940616463477,9,1
720575940624740878,720575940617302365,8,1
720575940624740878,720575940623201833,5,1
720575940624740878,720575940624547622,15,1
720575940624740878,720575940632535756,10,1
720575940624740878,720575940643696288,6,1
720575940624740878,720575940652390134,5,1
720575940624749258,720575940621828443,7,1
720575940624749258,720575940624547622,34,1
720575940624749258,720575940645304430,10,1
720575940624749258,720575940660053121,7,1
720575940624773182,720575940616463477,6,1
720575940624773182,720575940623201833,9,1
720575940624773182,720575940624547622,27,1
720575940624773182,720575940629856515,5,1
720575940624773646,720575940623201833,12,1
720575940624773646,720575940624547622,17,1
720575940624773646,720575940629856515,8,1
720575940624776206,720575940618630193,6,1
720575940624776206,720575940621828443,5,1
720575940624776206,720575940624547622,32,1
720575940624776206,720575940630075703,7,1
720575940624776206,720575940645304430,10,1
720575940624776206,720575940660053121,11,1
720575940624894308,720575940613732271,5,1
720575940624894308,720575940614595218,6,1
720575940624894308,720575940623377802,8,1
720575940624894308,720575940624547622,23,1
720575940624894308,720575940630075703,5,1
720575940624894308,720575940645304430,6,1
720575940624922256,720575940624547622,33,1
720575940624922256,720575940630075703,9,1
720575940624922256,720575940645304430,11,1
720575940624935182,720575940617302365,5,1
720575940624935182,720575940623201833,5,1
720575940624935182,720575940624547622,17,1
720575940624935182,720575940631177803,5,1
720575940624935182,720575940632535756,5,1
720575940624935182,720575940652390134,8,1
720575940624941838,720575940623201833,16,1
720575940624941838,720575940624547622,23,1
720575940624941838,720575940629422086,8,1
720575940624941838,720575940629856515,5,1
720575940624945666,720575940614595218,7,1
720575940624945666,720575940623377802,5,1
720575940624945666,720575940624547622,29,1
720575940624945666,720575940627594568,7,1
720575940624945666,720575940629981440,8,1
720575940624945666,720575940633573783,5,1
720575940624975760,720575940616463477,6,1
720575940624975760,720575940621040737,5,1
720575940624975760,720575940623201833,5,1
720575940624975760,720575940624539284,6,1
720575940624975760,720575940624547622,20,1
720575940624975760,720575940643696288,5,1
720575940624975760,720575940652390134,8,1
720575940625128067,720575940629422086,10,1
720575940625128067,720575940629856515,8,1
720575940625175845,720575940609959637,6,1
720575940625175845,720575940623201833,6,1
720575940625175845,720575940624547622,22,1
720575940625175845,720575940629422086,8,1
720575940625175845,720575940629856515,5,1
720575940625175845,720575940659392385,5,1
720575940625185613,720575940624185095,7,1
720575940625346023,720575940621828443,7,1
720575940625346023,720575940624547622,45,1
720575940625346023,720575940627532104,6,1
720575940625346023,720575940645304430,9,1
720575940625346023,720575940660053121,8,1
720575940625404197,720575940609180611,5,1
720575940625404197,720575940616463477,10,1
720575940625404197,720575940617302365,7,1
720575940625404197,720575940624547622,21,1
720575940625404197,720575940632535756,6,1
720575940625404197,720575940643696288,5,1
720575940625404197,720575940652390134,9,1
720575940625422090,720575940609180611,6,1
720575940625422090,720575940617302365,8,1
720575940625422090,720575940624547622,34,1
720575940625422090,720575940632535756,6,1
720575940625430302,720575940624547622,32,1
720575940625430302,720575940630075703,6,1
720575940625430302,720575940645304430,8,1
720575940625455134,720575940617302365,6,1
720575940625455134,720575940623145513,5,1
720575940625455134,720575940624547622,45,1
720575940625455134,720575940652390134,7,1
720575940625485181,720575940617302365,7,1
720575940625485181,720575940624539284,6,1
720575940625485181,720575940624547622,16,1
720575940625485181,720575940631177803,5,1
720575940625485181,720575940632535756,7,1
720575940625485181,720575940652390134,7,1
720575940625486948,720575940609180611,6,1
720575940625486948,720575940617302365,5,1
720575940625486948,720575940624547622,22,1
720575940625486948,720575940639075150,5,1
720575940625490788,720575940616463477,7,1
720575940625490788,720575940623201833,5,1
720575940625490788,720575940624547622,24,1
720575940625508733,720575940623201833,5,1
720575940625508733,720575940624547622,28,1
720575940625508733,720575940629422086,8,1
720575940625508733,720575940629856515,9,1
720575940625513616,720575940617302365,11,1
720575940625513616,720575940623201833,6,1
720575940625513616,720575940624539284,6,1
720575940625513616,720575940624547622,24,1
720575940625513616,720575940629261159,5,1
720575940625513616,720575940632535756,8,1
720575940625513616,720575940643696288,7,1
720575940625513616,720575940652390134,8,1
720575940625514621,720575940617302365,7,1
720575940625514621,720575940617567206,7,1
720575940625514621,720575940624539284,7,1
720575940625514621,720575940624547622,25,1
720575940625514621,720575940632535756,10,1
720575940625514621,720575940643696288,8,1
720575940625516436,720575940623201833,9,1
720575940625516436,720575940624547622,25,1
720575940625516436,720575940629422086,6,1
720575940625516436,720575940630075703,5,1
720575940625525265,720575940622979277,5,1
720575940625525912,720575940624547622,43,1
720575940625525912,720575940645304430,19,1
720575940625525912,720575940647147908,5,1
720575940625525912,720575940650386553,6,1
720575940625525912,720575940660053121,9,1
720575940625568186,720575940620715224,5,1
720575940625568186,720575940621164720,10,1
720575940625605257,720575940617302365,7,1
720575940625605257,720575940624547622,22,1
720575940625605257,720575940628427369,8,1
720575940625605257,720575940652390134,7,1
720575940625608329,720575940623377802,5,1
720575940625608329,720575940624547622,19,1
720575940625608329,720575940627594568,7,1
720575940625608329,720575940629981440,7,1
720575940625608329,720575940645304430,5,1
720575940625662778,720575940616463477,6,1
720575940625662778,720575940617302365,13,1
720575940625662778,720575940624539284,5,1
720575940625662778,720575940624547622,14,1
720575940625662778,720575940631177803,5,1
720575940625662778,720575940632535756,7,1
720575940625662778,720575940643696288,9,1
720575940625662778,720575940652390134,5,1
720575940625732745,720575940624539284,5,1
720575940625732745,720575940624547622,25,1
720575940625732745,720575940632535756,5,1
720575940625732745,720575940633688476,5,1
720575940625732745,720575940652390134,8,1
720575940625763601,720575940609959637,6,1
720575940625763601,720575940624547622,24,1
720575940625763601,720575940629422086,10,1
720575940625763601,720575940629856515,9,1
720575940625781029,720575940616463477,5,1
720575940625781029,720575940623201833,5,1
720575940625781029,720575940624547622,23,1
720575940625781029,720575940629422086,11,1
720575940625781029,720575940629856515,6,1
720575940625793317,720575940618008859,6,1
720575940625793317,720575940621828443,7,1
720575940625793317,720575940624547622,23,1
720575940625793317,720575940629422086,6,1
720575940625898633,720575940621164720,5,1
720575940625957800,720575940616463477,5,1
720575940625957800,720575940623201833,5,1
720575940625957800,720575940624539284,8,1
720575940625957800,720575940624547622,14,1
720575940625957800,720575940632535756,5,1
720575940625957800,720575940652390134,8,1
720575940625991524,720575940615830877,6,1
720575940625991524,720575940624547622,34,1
720575940626022074,720575940610942066,5,1
720575940626022074,720575940616463477,13,1
720575940626022074,720575940621880541,5,1
720575940626022074,720575940624547622,33,1
720575940626087780,720575940623201833,6,1
720575940626087780,720575940624547622,20,1
720575940626087780,720575940629856515,6,1
720575940626144680,720575940621828443,5,1
720575940626144680,720575940623377802,5,1
720575940626144680,720575940624547622,39,1
720575940626144680,720575940630075703,5,1
720575940626144680,720575940645304430,5,1
720575940626158692,720575940624547622,37,1
720575940626158692,720575940627594568,5,1
720575940626158692,720575940630075703,9,1
720575940626158692,720575940645304430,10,1
720575940626158692,720575940647147908,5,1
720575940626158692,720575940660053121,7,1
720575940626201512,720575940621828443,5,1
720575940626201512,720575940624547622,31,1
720575940626201512,720575940630075703,5,1
720575940626201512,720575940645304430,5,1
720575940626250568,720575940624547622,19,1
720575940626265084,720575940623201833,7,1
720575940626265084,720575940624547622,25,1
720575940626265084,720575940629422086,6,1
720575940626265084,720575940629856515,13,1
720575940626286878,720575940623201833,6,1
720575940626286878,720575940624547622,30,1
720575940626286878,720575940630075703,5,1
720575940626286878,720575940637902938,12,1
720575940626287644,720575940624547622,23,1
720575940626287644,720575940629422086,6,1
720575940626316974,720575940622979277,7,1
720575940626316974,720575940624547622,24,1
720575940626316974,720575940629856515,9,1
720575940626404776,720575940618008859,9,1
720575940626404776,720575940623201833,10,1
720575940626404776,720575940624547622,23,1
720575940626404776,720575940629422086,7,1
720575940626420045,720575940624185095,8,1
720575940626420045,720575940631177803,8,1
720575940626460420,720575940622979277,7,1
720575940626460420,720575940624547622,20,1
720575940626460420,720575940629422086,6,1
720575940626506472,720575940617302365,19,1
720575940626506472,720575940652390134,23,1
720575940626540042,720575940623201833,8,1
720575940626540042,720575940624547622,21,1
720575940626540042,720575940629856515,6,1
720575940626653273,720575940609959637,7,1
720575940626653273,720575940624547622,25,1
720575940626679385,720575940617302365,8,1
720575940626679385,720575940624539284,5,1
720575940626679385,720575940624547622,17,1
720575940626679385,720575940643696288,6,1
720575940626689176,720575940617302365,7,1
720575940626689176,720575940623201833,5,1
720575940626689176,720575940624539284,6,1
720575940626689176,720575940624547622,22,1
720575940626689176,720575940652390134,6,1
720575940626721874,720575940617302365,7,1
720575940626721874,720575940624539284,8,1
720575940626721874,720575940624547622,25,1
720575940626721874,720575940631177803,5,1
720575940626721874,720575940632535756,8,1
720575940626721874,720575940643696288,7,1
720575940626721874,720575940652390134,9,1
720575940626941205,720575940623201833,11,1
720575940626941205,720575940624547622,22,1
720575940626941205,720575940629422086,5,1
720575940626946033,720575940609959637,5,1
720575940626946033,720575940614595218,7,1
720575940626946033,720575940623377802,5,1
720575940626946033,720575940624547622,22,1
720575940626946033,720575940629981440,8,1
720575940626949909,720575940624547622,22,1
720575940626949909,720575940629856515,6,1
720575940626965002,720575940624547622,20,1
720575940626965002,720575940629856515,6,1
720575940627045642,720575940624547622,25,1
720575940627045642,720575940645304430,12,1
720575940627045642,720575940660053121,5,1
720575940627103877,720575940624185095,11,1
720575940627103877,720575940631177803,16,1
720575940627198799,720575940617302365,13,1
720575940627198799,720575940624547622,27,1
720575940627198799,720575940625455134,5,1
720575940627198799,720575940628427369,5,1
720575940627198799,720575940652390134,7,1
720575940627211307,720575940621828443,8,1
720575940627211307,720575940623377802,6,1
720575940627211307,720575940624547622,23,1
720575940627211307,720575940630075703,8,1
720575940627226923,720575940617302365,9,1
720575940627226923,720575940624547622,24,1
720575940627226923,720575940632535756,5,1
720575940627226923,720575940643696288,5,1
720575940627226923,720575940652390134,9,1
720575940627229007,720575940624547622,24,1
720575940627229007,720575940629422086,5,1
720575940627282408,720575940614595218,6,1
720575940627282408,720575940623696647,5,1
720575940627282408,720575940624547622,29,1
720575940627282408,720575940629981440,5,1
720575940627282408,720575940630075703,9,1
720575940627309329,720575940609414468,5,1
720575940627309329,720575940616463477,5,1
720575940627309329,720575940617302365,11,1
720575940627309329,720575940624547622,13,1
720575940627309329,720575940652390134,7,1
720575940627343377,720575940624547622,28,1
720575940627343377,720575940629856515,5,1
720575940627372284,720575940617302365,7,1
720575940627372284,720575940624547622,22,1
720575940627519748,720575940617302365,5,1
720575940627519748,720575940624547622,18,1
720575940627542415,720575940624185095,8,1
720575940627549205,720575940614595218,15,1
720575940627549205,720575940623377802,25,1
720575940627549205,720575940624547622,14,1
720575940627549205,720575940638774606,7,1
720575940627583217,720575940622979277,8,1
720575940627583217,720575940624547622,17,1
720575940627583217,720575940629422086,6,1
720575940627594568,720575940609959637,100,1
720575940627594568,720575940613237758,5,1
720575940627594568,720575940618008859,16,1
720575940627594568,720575940618875819,5,1
720575940627594568,720575940619354417,5,1
720575940627594568,720575940619777520,5,1
720575940627594568,720575940620429317,5,1
720575940627594568,720575940621828443,67,1
720575940627594568,720575940623182847,32,1
720575940627594568,720575940624547622,276,1
720575940627594568,720575940625525912,5,1
720575940627594568,720575940626158692,6,1
720575940627594568,720575940628757547,9,1
720575940627594568,720575940629067351,6,1
720575940627594568,720575940630075703,71,1
720575940627594568,720575940630767959,6,1
720575940627594568,720575940630789071,5,1
720575940627594568,720575940635082347,6,1
720575940627594568,720575940637412841,5,1
720575940627594568,720575940637902938,72,1
720575940627594568,720575940644615716,18,1
720575940627626695,720575940617302365,10,1
720575940627626695,720575940624539284,7,1
720575940627626695,720575940624547622,20,1
720575940627626695,720575940632535756,5,1
720575940627626695,720575940643696288,5,1
720575940627626695,720575940652390134,11,1
720575940627680516,720575940620715224,8,1
720575940627804136,720575940616463477,5,1
720575940627804136,720575940617302365,5,1
720575940627804136,720575940624539284,9,1
720575940627804136,720575940624547622,29,1
720575940627804136,720575940632535756,11,1
720575940627804136,720575940643696288,9,1
720575940627834856,720575940624547622,22,1
720575940627912464,720575940623377802,9,1
720575940627912464,720575940624547622,26,1
720575940627912464,720575940627954375,5,1
720575940627912464,720575940645304430,9,1
720575940627915280,720575940623201833,5,1
720575940627915280,720575940624547622,14,1
720575940627915280,720575940629856515,6,1
720575940627935996,720575940624547622,20,1
720575940627935996,720575940629422086,9,1
720575940627935996,720575940629856515,5,1
720575940627954375,720575940624547622,14,1
720575940627954375,720575940624694503,6,1
720575940627988474,720575940624547622,20,1
720575940627988474,720575940652390134,7,1
720575940628084224,720575940624547622,18,1
720575940628094663,720575940620715224,5,1
720575940628094663,720575940621164720,6,1
720575940628107249,720575940622559669,8,1
720575940628107249,720575940624539284,8,1
720575940628107249,720575940624547622,16,1
720575940628107249,720575940631177803,7,1
720575940628107249,720575940632535756,12,1
720575940628107249,720575940647147908,6,1
720575940628107249,720575940652390134,5,1
720575940628107776,720575940616463477,5,1
720575940628107776,720575940617302365,7,1
720575940628107776,720575940624539284,6,1
720575940628107776,720575940624547622,29,1
720575940628107776,720575940632535756,6,1
720575940628107776,720575940652390134,6,1
720575940628137969,720575940616463477,6,1
720575940628137969,720575940617302365,8,1
720575940628137969,720575940617874205,6,1
720575940628137969,720575940624547622,19,1
720575940628137969,720575940632535756,5,1
720575940628137969,720575940643696288,8,1
720575940628137969,720575940652390134,11,1
720575940628155395,720575940623201833,9,1
720575940628155395,720575940624547622,27,1
720575940628219692,720575940616463477,7,1
720575940628219692,720575940617302365,8,1
720575940628219692,720575940623201833,5,1
720575940628219692,720575940624547622,29,1
720575940628219692,720575940633688476,5,1
720575940628219692,720575940652390134,5,1
720575940628239110,720575940623201833,6,1
720575940628239110,720575940624547622,26,1
720575940628239110,720575940629422086,10,1
720575940628265039,720575940609959637,5,1
720575940628265039,720575940618008859,5,1
720575940628265039,720575940621040737,7,1
720575940628265039,720575940623201833,7,1
720575940628265039,720575940624547622,30,1
720575940628265039,720575940629422086,5,1
720575940628411002,720575940612586981,5,1
720575940628411002,720575940624547622,24,1
720575940628411002,720575940639075150,7,1
720575940628411002,720575940652390134,5,1
720575940628427369,720575940615830877,5,1
720575940628427369,720575940621040737,7,1
720575940628427369,720575940638163428,6,1
720575940628432834,720575940624547622,27,1
720575940628432834,720575940630075703,5,1
720575940628432834,720575940645304430,5,1
720575940628526735,720575940631177803,5,1
720575940628549379,720575940624547622,5,1
720575940628549379,720575940624694503,21,1
720575940628557527,720575940624547622,17,1
720575940628593884,720575940617302365,8,1
720575940628593884,720575940624547622,20,1
720575940628593884,720575940632535756,10,1
720575940628593884,720575940643696288,11,1
720575940628593884,720575940652390134,8,1
720575940628684588,720575940624547622,17,1
720575940628684588,720575940629856515,5,1
720575940628697872,720575940623201833,6,1
720575940628697872,720575940624547622,20,1
720575940628697872,720575940629422086,6,1
720575940628732471,720575940621040737,5,1
720575940628732471,720575940624547622,27,1
720575940628732471,720575940629422086,7,1
720575940628732471,720575940629856515,9,1
720575940628755023,720575940623201833,8,1
720575940628755023,720575940624547622,18,1
720575940628755023,720575940629422086,5,1
720575940628757547,720575940621226405,7,1
720575940628757547,720575940647147908,6,1
720575940628766467,720575940621828443,5,1
720575940628766467,720575940624547622,45,1
720575940628766467,720575940630075703,7,1
720575940628766467,720575940645304430,7,1
720575940628766467,720575940660053121,9,1
720575940628808186,720575940608537027,5,1
720575940628808186,720575940609959637,6,1
720575940628808186,720575940618008859,6,1
720575940628808186,720575940623201833,5,1
720575940628808186,720575940624547622,30,1
720575940628844187,720575940624547622,21,1
720575940628844187,720575940629422086,6,1
720575940628844187,720575940630075703,5,1
720575940628863036,720575940616463477,11,1
720575940628863036,720575940617302365,10,1
720575940628863036,720575940624547622,22,1
720575940628863036,720575940631177803,6,1
720575940628863036,720575940643696288,7,1
720575940628863036,720575940652390134,9,1
720575940628920987,720575940620715224,6,1
720575940628920987,720575940624547622,22,1
720575940628920987,720575940629422086,5,1
720575940628933419,720575940620464321,5,1
720575940628933419,720575940624694503,9,1
720575940628933419,720575940629981440,6,1
720575940628937590,720575940624547622,19,1
720575940628937590,720575940632535756,5,1
720575940629067351,720575940614595218,9,1
720575940629067351,720575940621828443,8,1
720575940629067351,720575940624547622,30,1
720575940629067351,720575940627594568,6,1
720575940629067351,720575940629981440,8,1
720575940629067351,720575940630075703,6,1
720575940629074540,720575940617302365,6,1
720575940629074540,720575940624547622,28,1
720575940629074540,720575940652390134,5,1
720575940629127936,720575940624547622,18,1
720575940629127936,720575940627594568,6,1
720575940629127936,720575940629422086,6,1
720575940629127936,720575940629856515,7,1
720575940629190615,720575940614392999,27,1
720575940629190615,720575940620715224,6,1
720575940629190615,720575940624547622,6,1
720575940629261143,720575940617302365,8,1
720575940629261143,720575940624547622,17,1
720575940629261143,720575940652390134,9,1
720575940629261159,720575940617302365,9,1
720575940629261159,720575940617567206,6,1
720575940629261159,720575940621040737,7,1
720575940629261159,720575940624185095,6,1
720575940629261159,720575940624539284,14,1
720575940629261159,720575940624547622,25,1
720575940629261159,720575940632535756,6,1
720575940629261159,720575940652390134,8,1
720575940629292844,720575940624547622,9,1
720575940629296684,720575940616463477,9,1
720575940629296684,720575940617302365,8,1
720575940629296684,720575940624539284,9,1
720575940629296684,720575940624547622,19,1
720575940629296684,720575940643696288,6,1
720575940629296684,720575940652390134,5,1
720575940629356599,720575940611669674,6,1
720575940629356599,720575940617302365,7,1
720575940629356599,720575940624547622,15,1
720575940629356599,720575940632535756,5,1
720575940629356599,720575940643696288,9,1
720575940629379415,720575940614392999,14,1
720575940629388026,720575940623201833,7,1
720575940629388026,720575940624547622,16,1
720575940629388026,720575940629856515,5,1
720575940629422086,720575940616463477,116,-1
720575940629422086,720575940618008859,117,-1
720575940629422086,720575940620715224,128,-1
720575940629422086,720575940621040737,9,-1
720575940629422086,720575940624547622,8,-1
720575940629422086,720575940624694503,116,-1
720575940629422086,720575940629856515,43,-1
720575940629422086,720575940635838655,16,-1
720575940629422086,720575940643309197,37,-1
720575940629422086,720575940643863496,43,-1
720575940629438825,720575940622979277,6,1
720575940629438825,720575940624547622,16,1
720575940629445758,720575940617302365,8,1
720575940629445758,720575940624539284,7,1
720575940629445758,720575940624547622,29,1
720575940629445758,720575940632535756,5,1
720575940629445758,720575940652390134,5,1
720575940629456146,720575940616229410,5,1
720575940629456146,720575940616463477,5,1
720575940629456146,720575940619229761,6,1
720575940629456146,720575940624539284,5,1
720575940629456146,720575940624547622,31,1
720575940629529722,720575940624547622,10,-1
720575940629529722,720575940627594568,16,-1
720575940629535738,720575940623201833,5,1
720575940629535738,720575940624547622,17,1
720575940629631870,720575940623201833,5,1
720575940629631870,720575940624547622,23,1
720575940629717034,720575940616463477,6,1
720575940629717034,720575940617302365,14,1
720575940629717034,720575940624539284,5,1
720575940629717034,720575940624547622,24,1
720575940629717034,720575940632535756,8,1
720575940629717034,720575940643696288,9,1
720575940629717034,720575940652390134,9,1
720575940629723690,720575940623201833,8,1
720575940629723690,720575940624547622,26,1
720575940629723690,720575940629422086,9,1
720575940629724354,720575940623201833,7,1
720575940629724354,720575940624547622,22,1
720575940629724354,720575940629422086,5,1
720575940629724354,720575940629856515,5,1
720575940629765451,720575940616463477,5,1
720575940629765451,720575940617302365,7,1
720575940629765451,720575940624539284,9,1
720575940629765451,720575940624547622,27,1
720575940629765451,720575940652390134,5,1
720575940629803264,720575940624547622,27,1
720575940629803264,720575940629981440,8,1
720575940629856515,720575940616463477,88,-1
720575940629856515,720575940618008859,106,-1
720575940629856515,720575940620715224,111,-1
720575940629856515,720575940624547622,14,-1
720575940629856515,720575940624694503,102,-1
720575940629856515,720575940627954375,5,-1
720575940629856515,720575940629422086,56,-1
720575940629856515,720575940635838655,6,-1
720575940629856515,720575940643309197,25,-1
720575940629856515,720575940643863496,61,-1
720575940629871146,720575940623377802,10,1
720575940629871146,720575940624547622,27,1
720575940629871146,720575940645304430,11,1
720575940629911084,720575940624547622,9,1
720575940629911084,720575940629422086,6,1
720575940629911084,720575940629856515,6,1
720575940629916972,720575940624539284,6,1
720575940629916972,720575940624547622,23,1
720575940629916972,720575940632535756,5,1
720575940629916972,720575940643696288,9,1
720575940629916972,720575940652390134,7,1
720575940629952374,720575940624547622,21,1
720575940629952374,720575940629422086,6,1
720575940629952374,720575940629856515,9,1
720575940629960192,720575940624547622,5,1
720575940629960192,720575940638163428,12,1
720575940629981440,720575940615953202,7,1
720575940629981440,720575940619244248,5,1
720575940629981440,720575940623696647,8,1
720575940629981440,720575940624547622,8,1
720575940629981440,720575940631177803,8,1
720575940629981440,720575940637114334,5,1
720575940630060539,720575940624547622,15,1
720575940630075703,720575940609959637,10,1
720575940630075703,720575940614392999,30,1
720575940630075703,720575940618008859,15,1
720575940630075703,720575940621040737,6,1
720575940630075703,720575940621828443,6,1
720575940630075703,720575940624547622,16,1
720575940630075703,720575940624696810,6,1
720575940630075703,720575940627549205,11,1
720575940630075703,720575940627594568,19,1
720575940630075703,720575940628757547,7,1
720575940630075703,720575940629529722,8,1
720575940630075703,720575940630767959,20,1
720575940630075703,720575940631177803,52,1
720575940630075703,720575940632118343,17,1
720575940630075703,720575940633209647,5,1
720575940630075703,720575940635082347,14,1
720575940630075703,720575940635841143,20,1
720575940630075703,720575940637902938,5,1
720575940630075703,720575940640048768,5,1
720575940630075703,720575940643863496,28,1
720575940630075703,720575940644615716,5,1
720575940630170967,720575940624547622,27,1
720575940630188887,720575940621040737,5,1
720575940630188887,720575940624539284,8,1
720575940630188887,720575940624547622,19,1
720575940630188887,720575940652390134,8,1
720575940630371641,720575940617302365,7,1
720575940630371641,720575940624539284,6,1
720575940630371641,720575940624547622,24,1
720575940630371641,720575940652390134,5,1
720575940630403855,720575940617302365,6,1
720575940630403855,720575940624539284,6,1
720575940630403855,720575940624547622,26,1
720575940630403855,720575940632535756,5,1
720575940630403855,720575940652390134,8,1
720575940630452495,720575940609959637,5,1
720575940630452495,720575940623201833,5,1
720575940630452495,720575940624547622,22,1
720575940630452495,720575940629422086,5,1
720575940630465398,720575940620715224,9,1
720575940630465398,720575940621164720,6,1
720575940630469647,720575940624547622,21,1
720575940630469647,720575940643696288,12,1
720575940630469647,720575940652390134,6,1
720575940630519035,720575940616463477,5,1
720575940630519035,720575940623201833,6,1
720575940630519035,720575940624547622,28,1
720575940630519035,720575940629422086,5,1
720575940630519035,720575940629856515,9,1
720575940630533650,720575940617302365,7,1
720575940630533650,720575940624547622,19,1
720575940630620812,720575940618008859,5,1
720575940630620812,720575940623201833,7,1
720575940630620812,720575940624547622,13,1
720575940630620812,720575940629856515,8,1
720575940630652663,720575940624547622,21,1
720575940630652663,720575940629422086,9,1
720575940630684943,720575940621164720,10,1
720575940630715410,720575940624547622,32,1
720575940630715410,720575940629422086,8,1
720575940630715410,720575940630170967,5,1
720575940630722956,720575940622979277,8,1
720575940630767959,720575940604728800,6,1
720575940630767959,720575940606598089,14,1
720575940630767959,720575940615953202,20,1
720575940630767959,720575940621040737,7,1
720575940630767959,720575940621945855,11,1
720575940630767959,720575940626158364,6,1
720575940630767959,720575940627594568,18,1
720575940630789071,720575940623201833,7,1
720575940630789071,720575940624547622,24,1
720575940630789071,720575940629422086,5,1
720575940630789071,720575940629856515,6,1
720575940630792399,720575940618008859,5,1
720575940630792399,720575940624547622,21,1
720575940630792399,720575940629422086,8,1
720575940630823239,720575940624547622,18,1
720575940630823239,720575940652390134,5,1
720575940630848740,720575940618008859,5,1
720575940630848740,720575940623201833,7,1
720575940630848740,720575940624547622,28,1
720575940630848740,720575940629422086,5,1
720575940630892631,720575940621164720,6,1
720575940630961464,720575940624547622,18,1
720575940630961464,720575940629422086,8,1
720575940630961464,720575940629856515,7,1
720575940630999327,720575940617302365,9,1
720575940630999327,720575940623201833,5,1
720575940630999327,720575940624547622,29,1
720575940630999327,720575940632535756,8,1
720575940631017124,720575940617302365,5,1
720575940631017124,720575940624185095,6,1
720575940631017124,720575940624547622,12,1
720575940631017124,720575940632535756,6,1
720575940631017124,720575940643696288,7,1
720575940631017124,720575940652390134,8,1
720575940631027148,720575940617302365,5,1
720575940631027148,720575940623201833,8,1
720575940631027148,720575940624185095,11,1
720575940631027148,720575940624539284,8,1
720575940631027148,720575940624547622,19,1
720575940631027148,720575940631177803,5,1
720575940631027148,720575940632535756,9,1
720575940631027148,720575940643696288,5,1
720575940631034955,720575940621040737,5,1
720575940631034955,720575940623201833,5,1
720575940631034955,720575940624547622,31,1
720575940631034955,720575940629856515,6,1
720575940631036687,720575940624547622,26,1
720575940631036687,720575940629856515,7,1
720575940631117586,720575940624547622,8,1
720575940631117586,720575940624694503,6,1
720575940631177803,720575940624185095,8,1
720575940631184439,720575940621164720,11,1
720575940631292202,720575940624547622,35,1
720575940631292202,720575940629422086,5,1
720575940631292202,720575940630075703,5,1
720575940631295018,720575940621040737,5,1
720575940631295018,720575940623201833,7,1
720575940631295018,720575940624547622,26,1
720575940631360429,720575940617302365,14,1
720575940631360429,720575940617567206,5,1
720575940631360429,720575940618842929,5,1
720575940631360429,720575940624539284,6,1
720575940631360429,720575940624547622,18,1
720575940631360429,720575940632535756,15,1
720575940631360429,720575940643696288,6,1
720575940631360429,720575940652390134,8,1
720575940631577901,720575940624547622,6,1
720575940631577901,720575940629422086,5,1
720575940631577901,720575940629856515,15,1
720575940631587897,720575940616463477,6,1
720575940631587897,720575940617302365,5,1
720575940631587897,720575940624547622,21,1
720575940631636035,720575940624185095,6,1
720575940631636035,720575940624547622,5,1
720575940631636035,720575940631177803,24,1
720575940631687332,720575940616463477,5,1
720575940631687332,720575940623201833,5,1
720575940631687332,720575940624547622,22,1
720575940631687332,720575940629422086,7,1
720575940631687332,720575940629856515,7,1
720575940631687844,720575940616463477,10,1
720575940631687844,720575940617302365,10,1
720575940631687844,720575940623201833,5,1
720575940631687844,720575940623331475,5,1
720575940631687844,720575940624539284,6,1
720575940631687844,720575940624547622,13,1
720575940631687844,720575940632535756,7,1
720575940631687844,720575940643696288,7,1
720575940631687844,720575940652390134,7,1
720575940631701807,720575940624547622,21,1
720575940631701807,720575940632535756,8,1
720575940631701807,720575940643696288,9,1
720575940631701807,720575940652390134,7,1
720575940631730349,720575940620464321,11,1
720575940631730349,720575940629981440,21,1
720575940631741613,720575940616463477,11,1
720575940631741613,720575940617302365,10,1
720575940631741613,720575940623201833,5,1
720575940631741613,720575940624547622,24,1
720575940631741613,720575940632535756,12,1
720575940631791672,720575940616463477,5,1
720575940631791672,720575940618008859,6,1
720575940631791672,720575940624547622,22,1
720575940631791672,720575940629422086,10,1
720575940631840568,720575940620715224,6,1
720575940631840568,720575940623201833,9,1
720575940631840568,720575940624547622,21,1
720575940631840568,720575940629856515,5,1
720575940631964620,720575940621040737,5,1
720575940631964620,720575940623201833,6,1
720575940631964620,720575940624547622,29,1
720575940631964620,720575940629422086,6,1
720575940631964620,720575940629856515,10,1
720575940632118343,720575940627594568,12,-1
720575940632123695,720575940624547622,22,1
720575940632123695,720575940629422086,5,1
720575940632123695,720575940629856515,8,1
720575940632179364,720575940616463477,6,1
720575940632179364,720575940617302365,9,1
720575940632179364,720575940624547622,27,1
720575940632179364,720575940632535756,7,1
720575940632179364,720575940652390134,6,1
720575940632195887,720575940623201833,5,1
720575940632195887,720575940624547622,22,1
720575940632195887,720575940629422086,10,1
720575940632271780,720575940624547622,32,1
720575940632529439,720575940617302365,7,1
720575940632529439,720575940624547622,11,1
720575940632529439,720575940632535756,6,1
720575940632529439,720575940643696288,9,1
720575940632529439,720575940652390134,5,1
720575940632530207,720575940618008859,7,1
720575940632530207,720575940623201833,6,1
720575940632530207,720575940624547622,23,1
720575940632530207,720575940629422086,6,1
720575940632530207,720575940629856515,5,1
720575940632535756,720575940609180611,18,1
720575940632535756,720575940617302365,8,1
720575940632535756,720575940623841463,25,1
720575940632535756,720575940624547622,8,1
720575940632535756,720575940626833021,9,1
720575940632535756,720575940631177803,12,1
720575940632535756,720575940638774606,7,1
720575940632535756,720575940643696288,42,1
720575940632541523,720575940624694503,5,1
720575940632592429,720575940616463477,11,1
720575940632592429,720575940624539284,10,1
720575940632592429,720575940624547622,25,1
720575940632592429,720575940631177803,6,1
720575940632592429,720575940632535756,7,1
720575940632592429,720575940643696288,9,1
720575940632592429,720575940652390134,6,1
720575940632651932,720575940616463477,5,1
720575940632651932,720575940622865907,5,1
720575940632651932,720575940624547622,20,1
720575940632872365,720575940624547622,6,1
720575940632872365,720575940660053121,6,1
720575940632904043,720575940624547622,31,1
720575940632904043,720575940629856515,6,1
720575940632904043,720575940630075703,7,1
720575940632925409,720575940621040737,5,1
720575940632925409,720575940623201833,6,1
720575940632925409,720575940624547622,25,1
720575940632925409,720575940629422086,5,1
720575940632946272,720575940617302365,6,1
720575940632946272,720575940624539284,5,1
720575940632946272,720575940624547622,21,1
720575940632946272,720575940631177803,5,1
720575940632946272,720575940643696288,6,1
720575940632946272,720575940652390134,13,1
720575940633002040,720575940624547622,17,1
720575940633002040,720575940629422086,6,1
720575940633145996,720575940614392999,6,1
720575940633163711,720575940623182847,6,1
720575940633163711,720575940629422086,5,1
720575940633163711,720575940629856515,7,1
720575940633209647,720575940627594568,12,-1
720575940633271191,720575940621828443,8,1
720575940633271191,720575940624547622,22,1
720575940633271191,720575940630075703,8,1
720575940633271191,720575940645304430,8,1
720575940633323415,720575940621828443,7,1
720575940633323415,720575940624547622,29,1
720575940633323415,720575940627594568,5,1
720575940633323415,720575940645304430,7,1
720575940633406745,720575940624547622,7,1
720575940633406745,720575940638163428,20,1
720575940633406745,720575940643311501,5,1
720575940633573783,720575940629981440,7,1
720575940633596826,720575940623201833,8,1
720575940633596826,720575940624547622,28,1
720575940633688476,720575940624185095,12,1
720575940633732448,720575940616463477,7,1
720575940633732448,720575940624547622,33,1
720575940633732448,720575940632535756,5,1
720575940633742432,720575940617302365,12,1
720575940633742432,720575940624539284,5,1
720575940633742432,720575940624547622,16,1
720575940633742432,720575940631177803,5,1
720575940633742432,720575940643696288,9,1
720575940633742432,720575940652390134,7,1
720575940633755828,720575940623201833,5,1
720575940633755828,720575940624547622,21,1
720575940633755828,720575940629422086,6,1
720575940633755828,720575940629856515,5,1
720575940633763832,720575940624547622,20,1
720575940633816857,720575940624694503,34,1
720575940634131356,720575940624547622,31,1
720575940634131356,720575940630823239,5,1
720575940634131356,720575940632535756,5,1
720575940634163552,720575940624547622,23,1
720575940634163552,720575940629422086,5,1
720575940634163552,720575940629856515,8,1
720575940634384224,720575940618008859,5,1
720575940634384224,720575940623201833,8,1
720575940634384224,720575940624547622,25,1
720575940634384224,720575940629422086,10,1
720575940634384224,720575940629856515,8,1
720575940634551959,720575940620464321,5,1
720575940634551959,720575940624694503,35,1
720575940634916088,720575940609959637,6,1
720575940634916088,720575940616463477,5,1
720575940634916088,720575940618008859,6,1
720575940634916088,720575940623201833,8,1
720575940634916088,720575940624547622,23,1
720575940634916088,720575940629422086,7,1
720575940634916088,720575940629856515,5,1
720575940634992735,720575940605891040,5,1
720575940634992735,720575940617302365,8,1
720575940634992735,720575940623201833,5,1
720575940634992735,720575940624547622,17,1
720575940634992735,720575940631177803,5,1
720575940634992735,720575940632535756,13,1
720575940634992735,720575940643696288,16,1
720575940634992735,720575940652390134,8,1
720575940635082347,720575940615953202,13,1
720575940635082347,720575940621166256,8,1
720575940635082347,720575940621945855,6,1
720575940635082347,720575940624687850,5,1
720575940635082347,720575940627549205,10,1
720575940635082347,720575940627594568,24,1
720575940635082347,720575940642592416,5,1
720575940635370096,720575940622979277,8,1
720575940635370096,720575940624547622,21,1
720575940635415664,720575940617302365,6,1
720575940635415664,720575940624539284,10,1
720575940635415664,720575940624547622,13,1
720575940635415664,720575940631177803,5,1
720575940635415664,720575940632535756,11,1
720575940635415664,720575940636381541,7,1
720575940635415664,720575940652390134,5,1
720575940635425460,720575940618008859,7,1
720575940635425460,720575940620715224,6,1
720575940635425460,720575940621828443,5,1
720575940635425460,720575940624547622,22,1
720575940635425460,720575940629422086,13,1
720575940635471608,720575940617302365,11,1
720575940635471608,720575940617567206,5,1
720575940635471608,720575940623201833,5,1
720575940635471608,720575940624547622,24,1
720575940635471608,720575940628427369,13,1
720575940635538807,720575940624547622,26,1
720575940635538807,720575940629856515,9,1
720575940635651735,720575940621040737,7,1
720575940635651735,720575940623201833,10,1
720575940635651735,720575940624547622,18,1
720575940635838655,720575940637902938,9,1
720575940635841143,720575940609180611,5,1
720575940635841143,720575940615953202,21,1
720575940635841143,720575940621040737,39,1
720575940636023438,720575940624547622,21,1
720575940636023438,720575940629856515,7,1
720575940636171639,720575940618008859,6,1
720575940636171639,720575940623201833,6,1
720575940636171639,720575940624547622,28,1
720575940636230746,720575940616463477,5,1
720575940636230746,720575940624547622,21,1
720575940636302711,720575940621828443,8,1
720575940636302711,720575940624547622,35,1
720575940636302711,720575940627594568,6,1
720575940636302711,720575940630075703,7,1
720575940636302711,720575940645304430,10,1
720575940636323982,720575940616463477,11,1
720575940636323982,720575940617302365,5,1
720575940636323982,720575940624539284,6,1
720575940636323982,720575940624547622,19,1
720575940636323982,720575940632535756,13,1
720575940636323982,720575940643696288,12,1
720575940636323982,720575940652390134,7,1
720575940636355685,720575940624547622,13,1
720575940636381541,720575940617302365,9,1
720575940636381541,720575940624539284,8,1
720575940636381541,720575940624547622,21,1
720575940636381541,720575940632535756,11,1
720575940636381541,720575940643696288,8,1
720575940636381541,720575940652390134,9,1
720575940636490894,720575940621040737,5,1
720575940636490894,720575940623201833,7,1
720575940636490894,720575940624547622,21,1
720575940636490894,720575940629422086,5,1
720575940636510015,720575940623201833,5,1
720575940636510015,720575940624547622,23,1
720575940636510015,720575940629422086,5,1
720575940636528959,720575940609414468,5,1
720575940636528959,720575940612930710,6,1
720575940636528959,720575940616463477,10,1
720575940636528959,720575940617302365,9,1
720575940636528959,720575940624539284,8,1
720575940636528959,720575940624547622,25,1
720575940636528959,720575940632535756,7,1
720575940636528959,720575940643696288,5,1
720575940636528959,720575940652390134,6,1
720575940636547561,720575940617302365,8,1
720575940636547561,720575940624547622,20,1
720575940636547561,720575940632535756,8,1
720575940636547561,720575940643696288,13,1
720575940636547561,720575940652390134,8,1
720575940636698798,720575940623201833,5,1
720575940636698798,720575940624547622,19,1
720575940636698798,720575940630075703,8,1
720575940637114334,720575940620464321,7,1
720575940637114334,720575940629981440,12,1
720575940637124422,720575940609959637,6,1
720575940637124422,720575940624547622,32,1
720575940637124422,720575940627594568,10,1
720575940637124422,720575940629981440,15,1
720575940637169636,720575940623201833,6,1
720575940637169636,720575940624547622,19,1
720575940637255221,720575940623201833,8,1
720575940637255221,720575940624547622,28,1
720575940637255221,720575940629422086,6,1
720575940637255221,720575940629856515,5,1
720575940637256245,720575940624547622,23,1
720575940637412841,720575940621828443,7,1
720575940637412841,720575940624547622,38,1
720575940637412841,720575940625525912,5,1
720575940637412841,720575940636355685,5,1
720575940637412841,720575940645304430,15,1
720575940637412841,720575940660053121,7,1
720575940637439465,720575940620464321,6,1
720575940637439465,720575940624694503,28,1
720575940637446453,720575940617302365,5,1
720575940637446453,720575940617567206,5,1
720575940637446453,720575940624539284,11,1
720575940637446453,720575940624547622,19,1
720575940637446453,720575940643696288,6,1
720575940637446453,720575940652390134,7,1
720575940637509173,720575940624547622,30,1
720575940637509173,720575940627594568,6,1
720575940637509173,720575940629981440,5,1
720575940637509173,720575940630075703,5,1
720575940637535797,720575940624547622,25,1
720575940637535797,720575940630075703,9,1
720575940637618254,720575940621828443,5,1
720575940637618254,720575940624547622,21,1
720575940637618254,720575940628549379,5,1
720575940637618254,720575940630075703,7,1
720575940637618254,720575940645304430,9,1
720575940637769088,720575940624539284,7,1
720575940637769088,720575940624547622,31,1
720575940637769088,720575940632535756,10,1
720575940637769088,720575940643696288,10,1
720575940637769088,720575940652390134,5,1
720575940637788019,720575940609959637,6,1
720575940637788019,720575940624547622,20,1
720575940637788019,720575940629422086,7,1
720575940637788019,720575940637902938,7,1
720575940637869284,720575940624547622,21,1
720575940637869284,720575940629856515,9,1
720575940637902938,720575940608168028,7,1
720575940637902938,720575940609959637,32,1
720575940637902938,720575940620352646,6,1
720575940637902938,720575940623182847,25,1
720575940637902938,720575940624547622,15,1
720575940637902938,720575940635838655,18,1
720575940637965028,720575940618008859,5,1
720575940637965028,720575940623201833,6,1
720575940637965028,720575940624547622,24,1
720575940637965028,720575940629422086,6,1
720575940637965028,720575940629856515,5,1
720575940638163428,720575940613426838,5,-1
720575940638163428,720575940616882757,5,-1
720575940638163428,720575940623201833,6,-1
720575940638163428,720575940629960192,6,-1
720575940638163428,720575940633406745,7,-1
720575940638163428,720575940643311501,9,-1
720575940638163428,720575940647147908,14,-1
720575940638195773,720575940624547622,18,1
720575940638195773,720575940643696288,5,1
720575940638208627,720575940621828443,5,1
720575940638208627,720575940624547622,23,1
720575940638208627,720575940629981440,6,1
720575940638208627,720575940630075703,6,1
720575940638270080,720575940616463477,8,1
720575940638270080,720575940617302365,13,1
720575940638270080,720575940624547622,16,1
720575940638270080,720575940632535756,5,1
720575940638270080,720575940652390134,9,1
720575940638436405,720575940617302365,6,1
720575940638436405,720575940624539284,5,1
720575940638436405,720575940624547622,22,1
720575940638436405,720575940631177803,5,1
720575940638436405,720575940632535756,7,1
720575940638436405,720575940643696288,8,1
720575940638447677,720575940624547622,25,1
720575940638447677,720575940629422086,5,1
720575940638447677,720575940629856515,6,1
720575940638447677,720575940637902938,6,1
720575940638469190,720575940624547622,19,1
720575940638469190,720575940643696288,5,1
720575940638548021,720575940621164720,8,1
720575940638691200,720575940616463477,5,1
720575940638691200,720575940621040737,6,1
720575940638691200,720575940623201833,10,1
720575940638691200,720575940624547622,31,1
720575940638691200,720575940629422086,7,1
720575940638691200,720575940629856515,9,1
720575940638774606,720575940617567206,6,1
720575940638774606,720575940623377802,8,1
720575940638774606,720575940624547622,5,1
720575940638774606,720575940627549205,14,1
720575940638878416,720575940604500448,6,1
720575940638878416,720575940617302365,5,1
720575940638878416,720575940624539284,6,1
720575940638878416,720575940624547622,21,1
720575940638878416,720575940631177803,5,1
720575940638878416,720575940632535756,8,1
720575940638878416,720575940643696288,9,1
720575940638878416,720575940652390134,9,1
720575940638962851,720575940617302365,13,1
720575940638962851,720575940623201833,6,1
720575940638962851,720575940624539284,6,1
720575940638962851,720575940624547622,29,1
720575940638962851,720575940631177803,7,1
720575940638962851,720575940632535756,13,1
720575940638962851,720575940643696288,7,1
720575940638962851,720575940652390134,12,1
720575940638963363,720575940623201833,8,1
720575940638963363,720575940624547622,16,1
720575940638963363,720575940629422086,6,1
720575940639053776,720575940616463477,9,1
720575940639053776,720575940617302365,10,1
720575940639053776,720575940624539284,6,1
720575940639053776,720575940624547622,14,1
720575940639053776,720575940632535756,8,1
720575940639053776,720575940643696288,11,1
720575940639053776,720575940652390134,8,1
720575940639058109,720575940616463477,8,1
720575940639058109,720575940623201833,5,1
720575940639058109,720575940624547622,32,1
720575940639058109,720575940629856515,6,1
720575940639058109,720575940630075703,5,1
720575940639075150,720575940624547622,7,1
720575940639075150,720575940638163428,17,1
720575940639126069,720575940624547622,18,1
720575940639126069,720575940629856515,7,1
720575940639126325,720575940616463477,8,1
720575940639126325,720575940617302365,15,1
720575940639126325,720575940624547622,27,1
720575940639126325,720575940652390134,7,1
720575940639127861,720575940616463477,6,1
720575940639127861,720575940621040737,5,1
720575940639127861,720575940623201833,6,1
720575940639127861,720575940624547622,21,1
720575940639127861,720575940629422086,6,1
720575940639127861,720575940629856515,6,1
720575940639267406,720575940623201833,7,1
720575940639267406,720575940624547622,22,1
720575940639566406,720575940614392999,5,1
720575940640340725,720575940617302365,9,1
720575940640340725,720575940624539284,5,1
720575940640340725,720575940624547622,31,1
720575940640340725,720575940632535756,8,1
720575940640340725,720575940643696288,5,1
720575940640856795,720575940616463477,7,1
720575940640856795,720575940617302365,6,1
720575940640856795,720575940624547622,21,1
720575940640856795,720575940643696288,7,1
720575940640856795,720575940652390134,5,1
720575940640877965,720575940624547622,18,1
720575940640877965,720575940630075703,5,1
720575940640877965,720575940645304430,7,1
720575940641015285,720575940621136519,7,1
720575940641015285,720575940623201833,7,1
720575940641015285,720575940624547622,24,1
720575940641015285,720575940629422086,5,1
720575940641015285,720575940629856515,5,1
720575940641062901,720575940624547622,5,1
720575940641062901,720575940643309197,9,1
720575940641743501,720575940624547622,20,1
720575940642142861,720575940627594568,14,-1
720575940642631387,720575940624547622,20,1
720575940642663368,720575940616463477,6,1
720575940642663368,720575940617302365,5,1
720575940642663368,720575940624185095,6,1
720575940642663368,720575940624539284,6,1
720575940642663368,720575940624547622,16,1
720575940642663368,720575940643696288,6,1
720575940642663368,720575940652390134,8,1
720575940642744264,720575940621527337,5,1
720575940643128356,720575940616463477,8,1
720575940643128356,720575940617302365,6,1
720575940643128356,720575940624547622,28,1
720575940643128356,720575940652390134,5,1
720575940643309197,720575940620464321,44,-1
720575940643309197,720575940621164720,59,-1
720575940643309197,720575940624694503,18,-1
720575940643309197,720575940629422086,6,-1
720575940643311501,720575940624547622,11,1
720575940643311501,720575940638163428,21,1
720575940643380759,720575940616463477,5,1
720575940643380759,720575940617302365,5,1
720575940643380759,720575940624547622,24,1
720575940643380759,720575940632535756,5,1
720575940643380759,720575940652390134,12,1
720575940643406615,720575940624547622,22,1
720575940643406615,720575940631177803,5,1
720575940643406615,720575940632535756,8,1
720575940643406615,720575940633406745,5,1
720575940643406615,720575940643696288,8,1
720575940643406615,720575940652390134,10,1
720575940643466094,720575940622979277,9,1
720575940643466094,720575940623201833,5,1
720575940643466094,720575940624547622,18,1
720575940643543200,720575940620715224,5,1
720575940643696288,720575940609180611,19,1
720575940643696288,720575940617302365,8,1
720575940643696288,720575940623841463,6,1
720575940643696288,720575940624185095,6,1
720575940643696288,720575940624547622,6,1
720575940643696288,720575940626833021,7,1
720575940643696288,720575940631177803,8,1
720575940643696288,720575940632535756,36,1
720575940643696288,720575940638774606,12,1
720575940643696288,720575940652390134,11,1
720575940643741384,720575940609959637,6,1
720575940643741384,720575940622979277,5,1
720575940643741384,720575940623201833,7,1
720575940643741384,720575940624547622,25,1
720575940643790536,720575940620464321,7,1
720575940643790536,720575940624694503,7,1
720575940643790536,720575940629981440,7,1
720575940643863496,720575940609959637,5,-1
720575940643863496,720575940618008859,9,-1
720575940643863496,720575940618130833,10,-1
720575940643863496,720575940621040737,11,-1
720575940643863496,720575940621226405,24,-1
720575940643863496,720575940623201833,29,-1
720575940643863496,720575940624547622,59,-1
720575940643977508,720575940616463477,5,1
720575940643977508,720575940624547622,17,1
720575940643977508,720575940629422086,9,1
720575940644587630,720575940617302365,9,1
720575940644587630,720575940624539284,5,1
720575940644587630,720575940624547622,28,1
720575940644587630,720575940632535756,13,1
720575940644587630,720575940643696288,6,1
720575940644587630,720575940652390134,8,1
720575940644598819,720575940616463477,12,1
720575940644598819,720575940624539284,8,1
720575940644598819,720575940624547622,18,1
720575940644598819,720575940632535756,6,1
720575940644598819,720575940643696288,12,1
720575940644598819,720575940647147908,6,1
720575940644598819,720575940652390134,5,1
720575940644615716,720575940609959637,8,-1
720575940644615716,720575940621828443,8,-1
720575940644615716,720575940624547622,8,-1
720575940644615716,720575940627594568,6,-1
720575940644615716,720575940629981440,102,-1
720575940644615716,720575940630075703,13,-1
720575940644677411,720575940624547622,8,1
720575940644742048,720575940623377802,5,1
720575940644742048,720575940624547622,34,1
720575940644742048,720575940627594568,5,1
720575940644742048,720575940645304430,6,1
720575940644974644,720575940614595218,9,1
720575940644974644,720575940621828443,7,1
720575940644974644,720575940623696647,5,1
720575940644974644,720575940624547622,41,1
720575940644974644,720575940627594568,6,1
720575940644974644,720575940629981440,6,1
720575940644974644,720575940645304430,5,1
720575940645158179,720575940629422086,7,1
720575940645158179,720575940629856515,11,1
720575940645277294,720575940616463477,6,1
720575940645277294,720575940617302365,5,1
720575940645277294,720575940624185095,5,1
720575940645277294,720575940624547622,22,1
720575940645277294,720575940626420045,5,1
720575940645277294,720575940631177803,5,1
720575940645277294,720575940632535756,8,1
720575940645277294,720575940652390134,9,1
720575940645304430,720575940614392999,5,1
720575940645304430,720575940614595218,17,1
720575940645304430,720575940617567206,14,1
720575940645304430,720575940621828443,14,1
720575940645304430,720575940624539284,14,1
720575940645304430,720575940624547622,10,1
720575940645304430,720575940624696810,12,1
720575940645304430,720575940627542415,8,1
720575940645304430,720575940627549205,6,1
720575940645304430,720575940628757547,8,1
720575940645304430,720575940630767959,10,1
720575940645304430,720575940631177803,77,1
720575940645304430,720575940632541523,8,1
720575940645304430,720575940633209647,16,1
720575940645304430,720575940642142861,9,1
720575940645304430,720575940647147908,10,1
720575940645334126,720575940623201833,10,1
720575940645334126,720575940624547622,20,1
720575940645334126,720575940629422086,5,1
720575940645385524,720575940609180611,5,1
720575940645385524,720575940617302365,9,1
720575940645385524,720575940624185095,6,1
720575940645385524,720575940624547622,21,1
720575940645385524,720575940632535756,6,1
720575940645544068,720575940616463477,5,1
720575940645544068,720575940623201833,7,1
720575940645544068,720575940624547622,23,1
720575940645544068,720575940629422086,5,1
720575940645714211,720575940623201833,11,1
720575940645714211,720575940624547622,13,1
720575940645714211,720575940629422086,7,1
720575940645714723,720575940624547622,32,1
720575940645714723,720575940630075703,7,1
720575940645714723,720575940645304430,5,1
720575940645714723,720575940647147908,5,1
720575940645993348,720575940614595218,5,1
720575940645993348,720575940621828443,7,1
720575940645993348,720575940624547622,26,1
720575940645993348,720575940627594568,5,1
720575940645993348,720575940629981440,7,1
720575940646346548,720575940623201833,8,1
720575940646346548,720575940624547622,24,1
720575940646346548,720575940629422086,6,1
720575940646354211,720575940620715224,5,1
720575940646354211,720575940624547622,22,1
720575940646354211,720575940629422086,11,1
720575940646354211,720575940629856515,5,1
720575940646564916,720575940621164720,7,1
720575940646604932,720575940618008859,10,1
720575940646604932,720575940624547622,20,1
720575940647147908,720575940617567206,12,1
720575940647147908,720575940621828443,6,1
720575940647147908,720575940624539284,40,1
720575940647147908,720575940624547622,66,1
720575940647147908,720575940625455134,6,1
720575940647147908,720575940645304430,86,1
720575940647214724,720575940623201833,5,1
720575940647214724,720575940624547622,18,1
720575940649024633,720575940616463477,7,1
720575940649024633,720575940619229761,5,1
720575940649024633,720575940624547622,29,1
720575940649024633,720575940632535756,5,1
720575940649658745,720575940620715224,6,1
720575940649658745,720575940621164720,6,1
720575940649691769,720575940617302365,10,1
720575940649691769,720575940624539284,5,1
720575940649691769,720575940624547622,9,1
720575940649691769,720575940632535756,8,1
720575940649691769,720575940643696288,8,1
720575940649691769,720575940652390134,7,1
720575940650386553,720575940638774606,8,1
720575940650786294,720575940617302365,6,1
720575940650786294,720575940624539284,5,1
720575940650786294,720575940624547622,16,1
720575940650786294,720575940631177803,7,1
720575940650786294,720575940632535756,5,1
720575940650786294,720575940652390134,12,1
720575940652035830,720575940616463477,5,1
720575940652035830,720575940618008859,9,1
720575940652035830,720575940624547622,26,1
720575940652035830,720575940629422086,12,1
720575940652390134,720575940605891040,7,-1
720575940652390134,720575940617302365,50,-1
720575940652390134,720575940619101062,13,-1
720575940652390134,720575940621136519,6,-1
720575940652390134,720575940624547622,25,-1
720575940652390134,720575940632535756,7,-1
720575940652403446,720575940623201833,6,1
720575940652403446,720575940624547622,19,1
720575940653313953,720575940616463477,7,1
720575940653313953,720575940617567206,5,1
720575940653313953,720575940624539284,8,1
720575940653313953,720575940624547622,25,1
720575940653313953,720575940632535756,11,1
720575940653313953,720575940643696288,11,1
720575940659392385,720575940623201833,6,1
720575940659392385,720575940624547622,28,1
720575940659392385,720575940629422086,9,1
720575940660053121,720575940620429317,5,1
720575940660053121,720575940620464321,10,1
720575940660053121,720575940624547622,22,1
720575940660053121,720575940624694503,17,1
720575940660053121,720575940637412841,6,1
720575940660271745,720575940624547622,5,1
